[1m[32mConnecting to server
[0mServer msg : BIENVENUE
BienvenueBienvenueBienvenueBienvenueBienvenueBienvenueBienvenueBienvenueBienvenueBienvenueBienvenueBienvenueBienvenueBienvenueBienvenueBienvenueBienvenueBienvenueBienvenueBienvenueBienvenueBienvenueBienvenueBienvenueBienvenueBienvenueBienvenueBienvenueBienvenueBienvenueBienvenueBienvenueBienvenueBienvenueBienvenueBienvenueBienvenueBienvenueBienvenueBienvenueBienvenueBienvenueServer msg : BIENVENUE
msz 50 50
Server msg : BIENVENUE
msz 50 50

Server msg : BIENVENUE
msz 50 50

bct 0 0 0 0 0 1 1 0 1
bct 0 1 0 0 0 0 0 0 0
bct 0 2 0 0 0 0 0 0 0
bct 0 3 0 0 0 0 0 0 0
bct 0 4 0 0 0 0 0 0 0
bct 0 5 0 0 0 0 0 0 0
bct 0 6 0 0 0 0 0 0 0
bct 0 7 0 0 0 0 0 0 0
bct 0 8 0 1 0 1 1 0 0
bct 0 9 1 0 1 0 1 0 0
bct 0 10 0 0 0 1 1 0 1
bct 0 11 2 0 0 1 0 0 0
bct 0 12 0 0 0 0 0 0 0
bct 0 13 0 2 0 0 0 1 0
bct 0 14 0 0 0 0 0 0 0
bct 0 15 0 0 0 0 0 0 0
bct 0 16 0 0 0 0 0 0 0
bct 0 17 0 0 0 0 0 0 0
bct 0 18 0 0 1 0 0 2 0
bct 0 19 0 0 0 0 0 0 0
bct 0 20 0 0 0 0 0 0 0
bct 0 21 1 0 0 1 1 0 0
bct 0 22 0 0 0 0 0 0 0
bct 0 23 0 0 0 0 0 0 0
bct 0 24 0 0 0 0 0 0 0
bct 0 25 0 0 0 0 0 0 0
bct 0 26 2 1 0 0 0 0 0
bct 0 27 2 0 0 0 0 0 1
bct 0 28 0 1 0 0 2 0 0
bct 0 29 0 0 0 0 0 0 0
bct 0 30 0 0 0 0 0 0 0
bct 0 31 0 0 0 0 0 0 0
bct 0 32 0 0 0 0 0 0 0
bct 0 33 0 0 0 0 0 0 0
bct 0 34 0 0 0 0 0 0 0
bct 0 35 0 0 0 0 0 0 0
bct 0 36 0 1 0 0 2 0 0
bct 0 37 0 0 0 0 0 0 3
bct 0 38 2 0 1 0 0 0 0
bct 0 39 0 0 0 0 0 0 0
bct 0 40 0 0 0 0 0 0 0
bct 0 41 0 1 0 0 2 0 0
bct 0 42 0 0 0 0 0 0 0
bct 0 43 0 0 0 0 0 0 0
bct 0 44 1 1 0 0 0 1 0
bct 0 45 0 0 0 0 0 0 0
bct 0 46 0 0 0 0 0 1 2
bct 0 47 0 1 0 0 0 0 2
bct 0 48 0 1 0 1 0 0 1
bct 0 49 0 0 1 1 1 0 0
bct 1 0 0 0 0 0 0 0 0
bct 1 1 0 0 0 0 0 0 0
bct 1 2 0 0 0 0 0 0 0
bct 1 3 0 0 0 0 0 0 0
bct 1 4 0 0 0 0 0 0 0
bct 1 5 0 0 0 0 0 0 0
bct 1 6 0 0 0 0 0 0 0
bct 1 7 0 0 0 0 0 0 0
bct 1 8 0 0 0 0 0 0 0
bct 1 9 0 0 0 0 0 0 0
bct 1 10 0 0 0 0 0 0 0
bct 1 11 0 0 0 0 0 0 0
bct 1 12 0 0 0 0 0 0 0
bct 1 13 0 0 0 0 0 0 0
bct 1 14 0 0 0 0 0 0 0
bct 1 15 0 1 0 1 0 0 1
bct 1 16 0 0 0 0 0 0 0
bct 1 17 0 0 0 0 0 0 0
bct 1 18 0 0 0 0 0 0 0
bct 1 19 0 0 0 0 0 0 0
bct 1 20 0 0 0 0 0 0 0
bct 1 21 0 0 0 0 0 0 0
bct 1 22 0 0 0 0 1 2 0
bct 1 23 0 0 2 0 0 1 0
bct 1 24 0 0 0 0 0 0 0
bct 1 25 0 2 0 0 0 0 1
bct 1 26 0 0 0 0 0 0 0
bct 1 27 0 0 0 0 0 0 0
bct 1 28 0 0 0 0 0 0 0
bct 1 29 0 0 0 0 0 0 0
bct 1 30 0 0 0 0 0 0 0
bct 1 31 0 0 0 0 0 0 0
bct 1 32 0 0 0 0 0 0 0
bct 1 33 0 0 0 0 0 0 0
bct 1 34 0 0 0 0 0 0 0
bct 1 35 0 0 0 0 0 0 0
bct 1 36 0 2 1 0 0 0 0
bct 1 37 0 0 0 0 0 0 0
bct 1 38 0 0 0 0 0 0 0
bct 1 39 0 0 0 0 0 0 0
bct 1 40 0 0 0 0 0 0 0
bct 1 41 0 0 0 0 0 0 0
bct 1 42 0 0 0 0 0 0 0
bct 1 43 1 0 0 1 0 1 0
bct 1 44 0 0 0 0 0 0 0
bct 1 45 0 0 0 0 1 1 1
bct 1 46 1 0 1 0 0 1 0
bct 1 47 0 0 0 0 0 0 0
bct 1 48 0 0 0 0 2 0 1
bct 1 49 0 1 1 0 1 0 0
bct 2 0 0 1 0 1 0 0 1
bct 2 1 0 0 0 0 0 0 0
bct 2 2 0 1 1 0 0 0 1
bct 2 3 0 1 0 1 0 1 0
bct 2 4 0 1 0 0 0 0 2
bct 2 5 0 0 0 0 0 0 0
bct 2 6 0 0 0 0 0 0 0
bct 2 7 0 0 0 0 0 0 0
bct 2 8 2 0 0 0 0 1 0
bct 2 9 0 0 0 0 0 0 0
bct 2 10 2 0 0 0 1 0 0
bct 2 11 0 0 0 0 0 0 0
bct 2 12 1 0 1 0 0 1 0
bct 2 13 0 0 0 0 0 0 0
bct 2 14 0 0 0 0 0 0 0
bct 2 15 0 0 0 0 0 0 0
bct 2 16 0 0 0 0 0 0 0
bct 2 17 0 2 0 0 1 0 0
bct 2 18 0 0 0 0 0 0 0
bct 2 19 0 0 0 0 0 0 0
bct 2 20 0 0 0 0 0 0 0
bct 2 21 0 0 1 1 0 0 1
bct 2 22 0 1 1 0 0 0 1
bct 2 23 1 1 0 1 0 0 0
bct 2 24 0 0 0 0 0 0 0
bct 2 25 0 0 0 0 0 0 0
bct 2 26 0 0 0 0 0 0 0
bct 2 27 0 0 0 0 0 0 0
bct 2 28 0 0 0 0 0 0 0
bct 2 29 0 0 1 0 1 0 1
bct 2 30 0 0 0 0 0 0 0
bct 2 31 0 0 0 0 0 0 0
bct 2 32 0 0 0 0 0 0 0
bct 2 33 0 0 0 0 0 0 0
bct 2 34 0 0 0 0 0 0 0
bct 2 35 0 0 0 0 0 0 0
bct 2 36 0 0 0 0 0 0 0
bct 2 37 0 0 1 1 0 0 1
bct 2 38 0 0 0 0 0 0 0
bct 2 39 0 0 0 0 0 0 0
bct 2 40 0 1 1 0 1 0 0
bct 2 41 1 0 0 0 0 0 2
bct 2 42 0 0 0 0 0 0 0
bct 2 43 0 0 0 0 0 0 0
bct 2 44 0 1 1 0 0 1 0
bct 2 45 0 0 0 1 1 0 1
bct 2 46 0 0 0 1 0 2 0
bct 2 47 0 0 0 0 0 0 0
bct 2 48 0 0 0 0 0 0 0
bct 2 49 0 0 0 0 0 0 0
bct 3 0 0 0 0 2 0 1 0
bct 3 1 0 0 0 0 0 0 0
bct 3 2 0 0 0 0 0 0 0
bct 3 3 0 1 0 1 0 1 0
bct 3 4 0 0 0 0 0 0 0
bct 3 5 0 0 0 0 0 0 0
bct 3 6 0 0 0 0 0 0 0
bct 3 7 0 0 0 0 3 0 0
bct 3 8 0 0 0 0 0 0 0
bct 3 9 0 0 0 0 0 0 0
bct 3 10 0 0 0 0 0 0 0
bct 3 11 0 0 0 0 0 0 0
bct 3 12 0 0 0 0 0 1 2
bct 3 13 0 1 0 0 1 0 1
bct 3 14 0 1 0 1 0 0 1
bct 3 15 0 0 0 0 0 0 0
bct 3 16 0 0 0 0 0 0 0
bct 3 17 0 0 0 0 0 0 0
bct 3 18 1 0 0 0 1 0 1
bct 3 19 0 0 0 0 0 0 0
bct 3 20 0 0 0 0 0 0 0
bct 3 21 0 0 0 0 0 0 0
bct 3 22 0 1 0 2 0 0 0
bct 3 23 0 0 0 0 0 0 0
bct 3 24 0 2 0 0 0 1 0
bct 3 25 0 0 0 0 0 0 0
bct 3 26 0 0 0 0 0 0 0
bct 3 27 0 0 0 0 0 0 0
bct 3 28 0 0 0 0 0 0 0
bct 3 29 0 0 0 0 0 0 0
bct 3 30 0 0 0 1 0 2 0
bct 3 31 0 0 0 0 0 2 1
bct 3 32 0 0 0 0 0 0 0
bct 3 33 0 0 0 0 0 0 0
bct 3 34 0 0 0 0 0 0 0
bct 3 35 0 0 0 0 0 0 0
bct 3 36 0 0 0 0 0 0 0
bct 3 37 0 0 0 0 0 0 0
bct 3 38 1 1 0 1 0 0 0
bct 3 39 0 0 0 0 0 0 0
bct 3 40 0 0 1 0 0 2 0
bct 3 41 0 0 0 0 0 0 0
bct 3 42 0 1 0 1 0 0 1
bct 3 43 0 0 0 0 0 0 0
bct 3 44 0 0 0 0 1 1 1
bct 3 45 0 0 0 0 0 0 0
bct 3 46 0 0 0 0 0 0 0
bct 3 47 0 0 0 0 0 0 0
bct 3 48 0 0 0 0 0 0 0
bct 3 49 0 0 0 0 0 0 0
bct 4 0 0 0 0 0 0 0 0
bct 4 1 0 0 0 0 0 0 0
bct 4 2 0 0 0 0 0 0 0
bct 4 3 0 0 1 1 0 1 0
bct 4 4 0 0 0 0 0 0 0
bct 4 5 0 0 0 0 0 0 0
bct 4 6 0 0 0 0 0 0 0
bct 4 7 0 1 1 0 0 0 1
bct 4 8 1 1 0 1 0 0 0
bct 4 9 0 0 0 0 0 0 0
bct 4 10 0 0 0 0 0 0 0
bct 4 11 0 0 0 0 0 0 0
bct 4 12 1 0 0 0 1 1 0
bct 4 13 0 0 0 0 0 0 0
bct 4 14 0 0 0 0 0 0 0
bct 4 15 0 0 0 0 0 0 0
bct 4 16 0 0 0 0 0 0 0
bct 4 17 0 0 0 0 0 0 0
bct 4 18 0 0 1 1 0 1 0
bct 4 19 0 0 0 0 0 0 0
bct 4 20 0 0 0 0 0 0 0
bct 4 21 0 0 0 1 2 0 0
bct 4 22 0 0 0 0 0 0 0
bct 4 23 0 0 0 0 0 0 0
bct 4 24 0 0 0 0 2 1 0
bct 4 25 0 0 0 0 0 0 0
bct 4 26 0 1 0 1 1 0 0
bct 4 27 0 0 1 2 0 0 0
bct 4 28 0 0 0 0 0 0 0
bct 4 29 0 0 0 0 0 0 0
bct 4 30 0 0 0 0 0 0 0
bct 4 31 0 0 0 0 1 2 0
bct 4 32 0 0 0 0 0 0 0
bct 4 33 0 0 0 0 0 0 0
bct 4 34 0 0 0 0 0 0 0
bct 4 35 0 0 0 0 0 0 0
bct 4 36 1 0 1 1 0 0 0
bct 4 37 0 0 0 0 0 0 0
bct 4 38 1 0 0 0 2 0 0
bct 4 39 0 0 0 0 0 0 0
bct 4 40 0 1 1 1 0 0 0
bct 4 41 0 2 0 0 0 0 1
bct 4 42 0 0 0 0 0 0 0
bct 4 43 1 0 0 1 1 0 0
bct 4 44 0 0 0 0 0 0 0
bct 4 45 0 0 0 0 0 0 0
bct 4 46 0 0 0 0 0 0 0
bct 4 47 0 0 0 0 0 0 0
bct 4 48 0 0 0 0 0 0 0
bct 4 49 0 0 0 0 0 0 0
bct 5 0 0 0 0 0 0 0 0
bct 5 1 0 0 0 0 0 0 0
bct 5 2 0 0 0 0 0 0 0
bct 5 3 0 0 0 0 0 0 0
bct 5 4 0 0 0 0 0 0 0
bct 5 5 0 0 0 0 0 0 0
bct 5 6 0 1 0 0 1 1 0
bct 5 7 0 0 0 0 0 0 0
bct 5 8 0 0 1 0 1 1 0
bct 5 9 0 0 0 0 0 0 0
bct 5 10 0 0 0 0 0 0 0
bct 5 11 0 0 0 0 0 0 0
bct 5 12 0 1 0 0 0 1 1
bct 5 13 0 0 0 0 0 0 0
bct 5 14 0 0 0 0 0 0 0
bct 5 15 0 0 0 0 0 0 0
bct 5 16 0 0 0 0 0 0 0
bct 5 17 0 0 0 0 0 0 0
bct 5 18 1 0 0 1 0 0 1
bct 5 19 0 0 0 0 0 0 0
bct 5 20 0 0 0 0 0 0 0
bct 5 21 0 0 0 0 0 0 0
bct 5 22 0 0 0 0 0 0 0
bct 5 23 0 0 0 0 0 0 0
bct 5 24 0 0 0 1 0 1 1
bct 5 25 0 0 0 0 0 2 1
bct 5 26 0 0 0 0 0 0 0
bct 5 27 0 0 0 0 1 1 1
bct 5 28 1 0 0 0 0 1 1
bct 5 29 1 2 0 0 0 0 0
bct 5 30 0 0 0 0 0 0 0
bct 5 31 0 0 0 0 0 0 0
bct 5 32 0 0 0 0 0 0 0
bct 5 33 0 0 0 0 0 0 0
bct 5 34 0 0 0 0 2 1 0
bct 5 35 0 0 0 0 0 0 0
bct 5 36 0 0 0 0 0 0 0
bct 5 37 0 0 0 0 0 0 0
bct 5 38 0 0 0 0 1 1 1
bct 5 39 0 0 0 0 0 0 0
bct 5 40 0 0 0 0 0 0 0
bct 5 41 0 0 0 0 0 0 0
bct 5 42 0 0 2 0 1 0 0
bct 5 43 0 0 0 0 0 0 0
bct 5 44 0 0 0 0 0 0 0
bct 5 45 0 0 0 0 0 0 0
bct 5 46 0 0 0 0 0 0 0
bct 5 47 0 0 0 0 0 0 0
bct 5 48 1 0 1 0 1 0 0
bct 5 49 0 0 0 1 2 0 0
bct 6 0 0 1 0 1 1 0 0
bct 6 1 0 0 0 0 0 0 0
bct 6 2 0 0 0 0 0 0 0
bct 6 3 1 1 0 0 0 1 0
bct 6 4 0 0 0 0 0 0 0
bct 6 5 0 1 1 0 0 1 0
bct 6 6 0 0 1 1 0 0 1
bct 6 7 0 2 0 1 0 0 0
bct 6 8 0 0 0 0 0 0 0
bct 6 9 0 0 0 0 0 0 0
bct 6 10 0 0 0 0 0 0 0
bct 6 11 0 0 0 0 0 0 0
bct 6 12 0 1 0 0 0 1 1
bct 6 13 0 0 1 1 0 1 0
bct 6 14 0 1 1 0 0 1 0
bct 6 15 0 0 0 0 0 0 0
bct 6 16 0 0 0 0 0 0 0
bct 6 17 0 0 0 0 0 0 0
bct 6 18 0 0 0 0 0 0 0
bct 6 19 0 0 0 0 0 0 0
bct 6 20 0 0 0 0 0 0 0
bct 6 21 0 0 0 0 0 0 0
bct 6 22 0 0 0 0 0 0 0
bct 6 23 1 0 0 2 0 0 0
bct 6 24 0 0 0 0 0 0 0
bct 6 25 0 0 0 0 0 0 0
bct 6 26 0 0 0 0 0 0 0
bct 6 27 0 0 1 1 0 1 0
bct 6 28 0 0 0 0 0 0 0
bct 6 29 0 0 0 0 0 0 0
bct 6 30 0 0 0 0 0 0 0
bct 6 31 0 0 0 0 0 0 0
bct 6 32 0 0 0 0 0 0 0
bct 6 33 0 0 0 0 0 0 0
bct 6 34 0 0 0 0 0 0 0
bct 6 35 0 0 1 0 1 0 1
bct 6 36 0 0 0 0 0 0 0
bct 6 37 0 0 0 0 0 0 0
bct 6 38 1 0 0 1 0 1 0
bct 6 39 0 0 0 0 0 0 0
bct 6 40 0 0 0 0 0 0 0
bct 6 41 0 0 0 0 0 0 0
bct 6 42 0 0 0 0 0 0 0
bct 6 43 0 0 0 0 0 0 0
bct 6 44 0 0 0 0 0 0 0
bct 6 45 1 1 0 0 1 0 0
bct 6 46 0 0 0 0 1 1 1
bct 6 47 0 1 0 1 0 0 1
bct 6 48 0 0 0 0 0 0 0
bct 6 49 0 0 2 0 1 0 0
bct 7 0 0 0 1 0 1 0 1
bct 7 1 0 1 0 1 0 0 1
bct 7 2 0 0 0 0 0 0 0
bct 7 3 0 0 0 0 0 0 0
bct 7 4 0 0 0 0 0 0 0
bct 7 5 0 0 0 0 0 0 0
bct 7 6 1 0 0 0 0 2 0
bct 7 7 0 0 0 0 0 0 0
bct 7 8 0 1 1 0 0 1 0
bct 7 9 1 0 0 0 1 1 0
bct 7 10 0 1 1 1 0 0 0
bct 7 11 0 0 0 0 0 0 0
bct 7 12 0 0 0 0 0 0 0
bct 7 13 0 0 0 0 0 0 0
bct 7 14 0 0 1 1 1 0 0
bct 7 15 0 0 0 0 0 0 0
bct 7 16 0 0 0 0 0 0 0
bct 7 17 0 0 0 0 0 0 0
bct 7 18 0 0 1 0 1 1 0
bct 7 19 0 0 0 0 0 0 0
bct 7 20 0 0 0 0 0 0 0
bct 7 21 0 0 1 0 2 0 0
bct 7 22 2 0 0 0 0 0 1
bct 7 23 0 0 0 0 0 0 0
bct 7 24 0 0 1 0 0 1 1
bct 7 25 0 0 0 0 0 0 0
bct 7 26 0 0 0 0 0 0 0
bct 7 27 0 0 0 0 0 0 0
bct 7 28 0 0 0 0 0 0 0
bct 7 29 0 0 0 0 0 0 0
bct 7 30 0 0 0 0 0 0 0
bct 7 31 0 0 0 0 0 0 0
bct 7 32 0 0 0 0 0 0 0
bct 7 33 0 0 0 0 0 0 0
bct 7 34 0 0 0 0 0 0 0
bct 7 35 0 0 0 0 0 0 0
bct 7 36 0 0 0 0 0 0 0
bct 7 37 0 0 1 1 1 0 0
bct 7 38 0 0 0 0 0 0 0
bct 7 39 0 0 0 0 0 0 0
bct 7 40 1 0 1 0 0 0 1
bct 7 41 0 0 0 0 0 0 0
bct 7 42 0 2 0 1 0 0 0
bct 7 43 0 0 1 0 0 2 0
bct 7 44 0 0 0 0 0 0 0
bct 7 45 0 0 0 0 0 0 0
bct 7 46 0 0 0 0 0 0 0
bct 7 47 0 0 0 0 0 0 0
bct 7 48 0 0 1 0 2 0 0
bct 7 49 0 0 0 0 0 0 0
bct 8 0 0 1 2 0 0 0 0
bct 8 1 0 0 0 0 0 0 0
bct 8 2 0 0 0 0 0 0 0
bct 8 3 0 1 0 0 0 0 2
bct 8 4 0 0 0 0 0 0 0
bct 8 5 2 0 0 0 0 1 0
bct 8 6 0 0 0 0 0 0 0
bct 8 7 0 0 0 0 0 0 0
bct 8 8 0 0 0 0 0 0 0
bct 8 9 0 0 0 0 0 0 0
bct 8 10 0 0 0 0 0 0 0
bct 8 11 0 0 0 0 0 0 0
bct 8 12 0 0 0 0 0 0 0
bct 8 13 0 0 1 2 0 0 0
bct 8 14 0 0 0 0 0 0 0
bct 8 15 1 0 0 1 1 0 0
bct 8 16 0 0 0 0 0 0 0
bct 8 17 0 0 0 0 0 0 0
bct 8 18 1 0 1 0 0 0 1
bct 8 19 0 0 1 1 0 1 0
bct 8 20 0 0 0 2 1 0 0
bct 8 21 0 0 0 0 0 0 0
bct 8 22 0 0 0 1 1 0 1
bct 8 23 0 0 0 0 0 0 0
bct 8 24 0 0 0 0 0 2 1
bct 8 25 0 0 0 0 0 0 0
bct 8 26 0 1 0 0 1 1 0
bct 8 27 0 0 0 0 0 0 0
bct 8 28 0 0 0 0 0 0 0
bct 8 29 0 0 0 1 1 0 1
bct 8 30 0 0 0 1 1 1 0
bct 8 31 0 0 0 0 0 0 0
bct 8 32 0 0 0 0 0 0 0
bct 8 33 0 0 0 0 0 0 0
bct 8 34 0 0 0 0 0 0 0
bct 8 35 0 0 0 0 0 0 0
bct 8 36 0 0 0 0 0 0 0
bct 8 37 0 0 0 0 0 0 0
bct 8 38 0 0 0 1 1 1 0
bct 8 39 0 0 0 0 0 0 0
bct 8 40 1 1 0 0 0 1 0
bct 8 41 0 0 0 0 0 0 0
bct 8 42 0 0 0 0 0 0 0
bct 8 43 0 0 0 0 0 0 0
bct 8 44 0 0 0 1 1 0 1
bct 8 45 0 0 0 0 0 0 0
bct 8 46 0 0 0 1 1 1 0
bct 8 47 1 0 0 1 1 0 0
bct 8 48 0 0 0 0 0 0 0
bct 8 49 0 0 0 0 0 0 0
bct 9 0 0 0 0 0 0 0 0
bct 9 1 0 0 0 0 0 0 0
bct 9 2 0 0 0 0 0 0 0
bct 9 3 0 0 1 0 1 0 1
bct 9 4 1 1 0 0 0 0 1
bct 9 5 0 0 0 0 0 0 0
bct 9 6 0 1 1 0 1 0 0
bct 9 7 0 0 0 0 0 0 0
bct 9 8 0 0 0 0 0 0 3
bct 9 9 0 0 0 2 1 0 0
bct 9 10 0 0 0 0 0 0 0
bct 9 11 0 0 2 0 0 0 1
bct 9 12 0 0 0 0 0 0 0
bct 9 13 0 0 0 0 0 0 0
bct 9 14 0 0 0 0 0 0 0
bct 9 15 0 0 0 0 0 0 0
bct 9 16 0 0 0 0 0 0 0
bct 9 17 2 0 0 0 0 1 0
bct 9 18 0 0 0 0 0 0 0
bct 9 19 0 0 0 0 0 0 0
bct 9 20 0 0 0 0 0 0 0
bct 9 21 1 1 0 0 0 1 0
bct 9 22 0 1 0 0 2 0 0
bct 9 23 0 0 0 0 0 0 0
bct 9 24 0 2 0 1 0 0 0
bct 9 25 0 0 0 0 0 0 0
bct 9 26 0 0 0 0 0 0 0
bct 9 27 0 0 0 0 0 0 0
bct 9 28 1 0 1 0 1 0 0
bct 9 29 0 0 0 0 0 0 0
bct 9 30 0 2 0 0 0 0 1
bct 9 31 0 1 0 1 0 0 1
bct 9 32 0 0 0 0 0 0 0
bct 9 33 0 0 0 0 0 0 0
bct 9 34 0 0 0 0 0 0 0
bct 9 35 0 0 0 0 0 0 0
bct 9 36 0 0 0 0 0 0 0
bct 9 37 0 0 0 0 0 0 0
bct 9 38 0 0 0 0 0 0 0
bct 9 39 0 2 0 1 0 0 0
bct 9 40 0 0 1 1 1 0 0
bct 9 41 0 0 0 0 0 0 0
bct 9 42 0 0 0 0 0 0 0
bct 9 43 0 1 0 0 1 1 0
bct 9 44 0 0 0 0 0 0 0
bct 9 45 0 0 0 0 0 0 0
bct 9 46 0 0 0 0 0 0 0
bct 9 47 0 0 0 0 0 0 0
bct 9 48 0 1 1 0 1 0 0
bct 9 49 0 0 0 0 0 0 0
bct 10 0 0 0 0 0 0 0 0
bct 10 1 0 0 0 0 0 0 0
bct 10 2 0 0 0 0 0 0 0
bct 10 3 0 0 0 0 0 0 0
bct 10 4 0 0 0 0 0 0 0
bct 10 5 0 0 0 0 0 0 0
bct 10 6 0 0 0 0 0 0 0
bct 10 7 0 0 0 0 0 0 0
bct 10 8 0 0 0 0 0 0 0
bct 10 9 0 0 0 0 0 0 0
bct 10 10 1 0 1 1 0 0 0
bct 10 11 0 0 1 0 1 0 1
bct 10 12 0 0 1 0 0 1 1
bct 10 13 0 0 0 0 0 0 0
bct 10 14 1 1 0 0 1 0 0
bct 10 15 1 0 0 1 1 0 0
bct 10 16 0 0 0 0 0 0 0
bct 10 17 0 0 0 0 0 0 0
bct 10 18 1 1 0 0 0 0 1
bct 10 19 0 0 0 0 0 0 0
bct 10 20 0 0 0 0 0 0 0
bct 10 21 0 0 0 0 0 0 0
bct 10 22 0 0 0 0 0 0 0
bct 10 23 0 0 0 0 0 0 0
bct 10 24 0 0 0 0 0 0 0
bct 10 25 0 0 2 0 0 1 0
bct 10 26 0 0 0 0 0 0 0
bct 10 27 0 0 0 0 0 0 0
bct 10 28 0 0 0 0 0 0 0
bct 10 29 1 0 0 0 1 0 1
bct 10 30 0 0 0 0 0 0 0
bct 10 31 0 0 0 0 1 1 1
bct 10 32 0 0 0 0 0 0 0
bct 10 33 0 0 0 0 0 0 0
bct 10 34 1 0 1 0 0 0 1
bct 10 35 1 0 1 1 0 0 0
bct 10 36 0 0 0 0 0 0 0
bct 10 37 0 0 0 0 0 0 0
bct 10 38 0 0 0 0 0 0 0
bct 10 39 0 0 0 0 0 0 0
bct 10 40 0 0 0 0 0 0 0
bct 10 41 0 0 0 0 0 0 0
bct 10 42 0 0 0 0 0 0 0
bct 10 43 0 0 0 0 0 0 0
bct 10 44 2 0 1 0 0 0 0
bct 10 45 0 0 0 0 0 0 0
bct 10 46 0 0 0 0 0 0 0
bct 10 47 0 0 0 0 0 0 0
bct 10 48 0 0 0 0 0 0 0
bct 10 49 0 0 0 0 0 0 0
bct 11 0 0 0 0 0 1 1 1
bct 11 1 1 1 1 0 0 0 0
bct 11 2 0 0 0 0 0 0 0
bct 11 3 0 0 0 0 0 0 0
bct 11 4 0 0 0 0 0 0 0
bct 11 5 1 0 0 1 0 1 0
bct 11 6 0 0 0 0 0 0 0
bct 11 7 0 0 0 0 0 1 2
bct 11 8 0 0 0 0 0 0 0
bct 11 9 0 0 0 0 0 0 0
bct 11 10 0 0 0 0 0 0 0
bct 11 11 0 0 0 0 0 0 0
bct 11 12 0 0 2 0 0 1 0
bct 11 13 0 0 0 0 0 0 0
bct 11 14 0 0 1 0 1 1 0
bct 11 15 1 0 1 0 0 0 1
bct 11 16 0 0 0 0 0 0 0
bct 11 17 0 0 0 0 0 0 0
bct 11 18 0 0 0 0 0 0 0
bct 11 19 0 0 0 2 0 1 0
bct 11 20 0 0 0 0 0 0 0
bct 11 21 0 0 0 0 0 0 0
bct 11 22 0 0 0 0 0 0 0
bct 11 23 0 0 0 0 0 0 0
bct 11 24 0 0 0 0 0 0 0
bct 11 25 0 0 0 0 0 0 0
bct 11 26 0 1 0 1 0 0 1
bct 11 27 0 0 0 0 0 0 0
bct 11 28 0 0 0 0 0 0 0
bct 11 29 1 1 0 1 0 0 0
bct 11 30 0 0 0 0 0 0 0
bct 11 31 0 1 2 0 0 0 0
bct 11 32 0 1 0 1 0 1 0
bct 11 33 0 0 0 0 1 2 0
bct 11 34 1 0 0 0 1 0 1
bct 11 35 2 0 0 0 0 1 0
bct 11 36 0 0 0 0 0 0 0
bct 11 37 0 0 0 0 0 0 0
bct 11 38 1 0 0 0 0 1 1
bct 11 39 0 0 0 0 0 0 0
bct 11 40 0 0 0 0 0 0 0
bct 11 41 1 0 0 0 0 2 0
bct 11 42 0 0 0 0 0 0 0
bct 11 43 0 0 0 0 0 0 0
bct 11 44 0 0 0 0 0 0 0
bct 11 45 0 0 0 0 0 0 0
bct 11 46 0 0 0 0 0 0 0
bct 11 47 0 0 0 0 0 0 0
bct 11 48 0 0 0 0 0 0 0
bct 11 49 0 1 0 0 2 0 0
bct 12 0 0 0 0 0 0 0 0
bct 12 1 0 0 0 0 0 0 0
bct 12 2 0 0 0 0 0 0 0
bct 12 3 0 0 0 0 0 0 0
bct 12 4 0 0 0 0 0 0 0
bct 12 5 0 0 0 0 0 0 0
bct 12 6 0 0 2 0 0 0 1
bct 12 7 0 0 0 0 1 1 1
bct 12 8 0 0 0 0 0 0 0
bct 12 9 0 0 0 0 0 0 0
bct 12 10 0 0 0 2 1 0 0
bct 12 11 0 0 0 0 0 0 0
bct 12 12 2 0 1 0 0 0 0
bct 12 13 0 0 0 0 0 0 0
bct 12 14 0 0 0 0 0 0 0
bct 12 15 0 0 0 0 0 0 0
bct 12 16 1 0 0 2 0 0 0
bct 12 17 0 0 0 0 0 0 0
bct 12 18 0 0 0 0 0 0 0
bct 12 19 0 2 1 0 0 0 0
bct 12 20 0 0 1 0 1 0 1
bct 12 21 0 1 0 0 1 1 0
bct 12 22 2 1 0 0 0 0 0
bct 12 23 0 0 1 0 0 1 1
bct 12 24 0 0 1 0 0 0 2
bct 12 25 0 2 1 0 0 0 0
bct 12 26 0 0 0 0 0 0 0
bct 12 27 0 0 0 0 0 0 0
bct 12 28 1 1 1 0 0 0 0
bct 12 29 0 0 0 0 0 0 0
bct 12 30 0 0 0 0 0 0 0
bct 12 31 0 0 0 0 0 0 0
bct 12 32 0 0 0 0 0 0 0
bct 12 33 0 0 0 0 0 0 0
bct 12 34 0 0 0 0 0 0 0
bct 12 35 0 0 0 0 0 0 0
bct 12 36 1 0 1 0 0 1 0
bct 12 37 0 0 0 0 0 0 0
bct 12 38 0 0 0 0 0 0 0
bct 12 39 0 0 0 0 0 0 0
bct 12 40 0 0 0 0 0 0 0
bct 12 41 1 1 0 0 1 0 0
bct 12 42 0 0 0 0 0 0 0
bct 12 43 0 0 0 0 0 0 0
bct 12 44 0 0 0 0 0 0 0
bct 12 45 0 0 0 0 0 0 0
bct 12 46 0 0 0 0 0 0 0
bct 12 47 0 0 0 0 1 1 1
bct 12 48 0 0 0 0 0 0 0
bct 12 49 0 0 0 0 0 1 2
bct 13 0 0 0 1 2 0 0 0
bct 13 1 0 0 0 0 0 0 0
bct 13 2 0 0 0 0 0 0 0
bct 13 3 0 0 0 1 0 2 0
bct 13 4 1 0 0 1 0 1 0
bct 13 5 0 1 1 0 0 0 1
bct 13 6 0 0 0 0 0 0 0
bct 13 7 1 0 0 0 0 1 1
bct 13 8 0 0 0 0 1 2 0
bct 13 9 0 0 0 1 1 0 1
bct 13 10 0 0 0 0 0 0 0
bct 13 11 1 2 0 0 0 0 0
bct 13 12 0 1 0 2 0 0 0
bct 13 13 0 0 0 0 0 0 0
bct 13 14 0 0 0 0 0 0 0
bct 13 15 0 0 0 0 0 0 0
bct 13 16 1 0 1 0 1 0 0
bct 13 17 0 0 0 0 0 0 0
bct 13 18 0 1 0 0 2 0 0
bct 13 19 0 0 0 2 1 0 0
bct 13 20 0 0 0 0 0 0 0
bct 13 21 0 0 0 0 0 0 0
bct 13 22 0 0 0 0 0 0 0
bct 13 23 0 0 0 0 0 0 0
bct 13 24 0 0 0 0 0 0 0
bct 13 25 1 0 0 1 1 0 0
bct 13 26 0 0 0 0 0 0 0
bct 13 27 0 0 0 0 0 0 0
bct 13 28 0 0 0 0 0 0 0
bct 13 29 0 1 1 1 0 0 0
bct 13 30 0 0 0 0 0 0 0
bct 13 31 0 1 1 1 0 0 0
bct 13 32 0 0 1 0 2 0 0
bct 13 33 0 0 0 0 0 1 2
bct 13 34 0 0 0 0 0 0 0
bct 13 35 0 0 0 0 0 0 0
bct 13 36 0 0 0 0 0 0 0
bct 13 37 0 0 0 0 0 0 0
bct 13 38 0 0 0 0 0 0 0
bct 13 39 0 0 0 0 0 0 0
bct 13 40 0 0 0 0 0 0 0
bct 13 41 0 0 0 0 0 0 0
bct 13 42 0 0 0 0 0 0 0
bct 13 43 0 0 1 2 0 0 0
bct 13 44 0 0 0 0 0 0 0
bct 13 45 0 0 0 0 0 0 0
bct 13 46 1 0 1 0 0 1 0
bct 13 47 0 0 0 0 0 0 0
bct 13 48 0 1 0 1 0 1 0
bct 13 49 0 0 0 0 0 0 0
bct 14 0 0 0 0 0 0 0 0
bct 14 1 0 0 0 0 0 0 0
bct 14 2 0 0 0 0 0 0 0
bct 14 3 2 0 1 0 0 0 0
bct 14 4 0 0 0 0 0 0 0
bct 14 5 0 0 0 1 0 1 1
bct 14 6 0 1 1 0 0 0 1
bct 14 7 0 0 0 2 0 1 0
bct 14 8 0 0 0 0 0 0 0
bct 14 9 0 0 0 0 0 0 0
bct 14 10 0 0 0 0 0 0 0
bct 14 11 0 0 0 0 0 0 0
bct 14 12 0 0 0 0 0 0 0
bct 14 13 0 0 0 0 0 0 0
bct 14 14 0 0 2 0 0 0 1
bct 14 15 0 0 0 0 0 0 0
bct 14 16 0 0 0 1 0 1 1
bct 14 17 0 0 0 0 0 0 0
bct 14 18 0 0 0 0 0 0 0
bct 14 19 0 0 0 0 0 0 0
bct 14 20 0 0 0 0 0 0 0
bct 14 21 0 0 0 0 0 0 0
bct 14 22 1 1 1 0 0 0 0
bct 14 23 0 0 1 1 0 1 0
bct 14 24 0 0 0 0 0 0 0
bct 14 25 0 0 0 0 0 0 0
bct 14 26 0 0 0 0 0 0 0
bct 14 27 0 0 0 0 0 0 0
bct 14 28 2 0 0 0 0 0 1
bct 14 29 0 1 0 0 0 1 1
bct 14 30 0 0 0 0 0 0 0
bct 14 31 0 0 1 1 0 1 0
bct 14 32 0 0 0 0 0 0 0
bct 14 33 0 0 0 0 0 0 0
bct 14 34 0 0 0 0 0 0 0
bct 14 35 0 0 0 0 0 0 0
bct 14 36 0 0 0 0 0 0 0
bct 14 37 0 0 0 0 0 0 0
bct 14 38 0 0 0 0 0 0 0
bct 14 39 0 2 0 1 0 0 0
bct 14 40 1 0 0 1 1 0 0
bct 14 41 0 0 0 0 0 0 0
bct 14 42 0 0 0 0 0 0 0
bct 14 43 0 0 0 0 0 0 0
bct 14 44 0 0 1 1 1 0 0
bct 14 45 0 0 0 0 0 0 0
bct 14 46 0 0 0 0 0 0 0
bct 14 47 0 0 0 0 0 0 0
bct 14 48 1 1 0 0 0 1 0
bct 14 49 0 0 1 0 0 2 0
bct 15 0 0 0 0 0 0 0 0
bct 15 1 0 0 0 0 0 0 0
bct 15 2 0 0 0 0 0 0 0
bct 15 3 0 0 0 0 0 0 0
bct 15 4 0 0 0 0 0 0 0
bct 15 5 0 1 0 0 0 2 0
bct 15 6 0 1 0 1 0 0 1
bct 15 7 0 0 0 0 0 0 0
bct 15 8 1 0 1 0 0 1 0
bct 15 9 0 0 0 0 0 0 0
bct 15 10 0 0 0 0 0 0 0
bct 15 11 0 0 0 0 0 0 0
bct 15 12 0 0 0 0 0 0 0
bct 15 13 0 0 0 0 0 0 0
bct 15 14 0 0 0 0 0 0 0
bct 15 15 1 1 0 0 1 0 0
bct 15 16 0 0 0 0 0 0 0
bct 15 17 0 0 0 0 0 0 0
bct 15 18 0 0 0 0 0 0 0
bct 15 19 0 0 0 0 0 0 0
bct 15 20 0 0 0 0 0 0 0
bct 15 21 0 0 0 0 0 0 0
bct 15 22 0 1 0 0 1 1 0
bct 15 23 0 0 0 0 0 0 0
bct 15 24 0 0 0 0 0 0 0
bct 15 25 0 0 0 0 0 0 0
bct 15 26 0 0 0 0 0 0 0
bct 15 27 1 1 0 1 0 0 0
bct 15 28 0 1 0 0 1 0 1
bct 15 29 0 0 0 0 0 0 0
bct 15 30 0 0 0 0 0 0 0
bct 15 31 0 0 0 0 0 0 0
bct 15 32 0 0 0 0 0 0 0
bct 15 33 0 0 0 0 0 0 0
bct 15 34 0 0 0 0 0 0 0
bct 15 35 2 0 0 0 0 1 0
bct 15 36 1 0 1 0 0 0 1
bct 15 37 0 2 0 1 0 0 0
bct 15 38 0 0 0 0 0 0 0
bct 15 39 0 0 0 0 0 0 0
bct 15 40 0 0 1 1 0 1 0
bct 15 41 0 0 0 0 0 0 0
bct 15 42 0 0 0 0 0 0 0
bct 15 43 0 0 0 0 0 0 0
bct 15 44 1 0 1 1 0 0 0
bct 15 45 0 0 0 0 0 0 0
bct 15 46 0 0 0 0 0 0 0
bct 15 47 0 0 1 2 0 0 0
bct 15 48 0 0 0 0 0 0 0
bct 15 49 0 1 0 0 1 1 0
bct 16 0 0 0 2 0 0 0 1
bct 16 1 0 0 0 0 0 0 0
bct 16 2 0 0 0 0 0 0 0
bct 16 3 0 0 0 0 0 0 0
bct 16 4 0 0 0 0 0 0 0
bct 16 5 0 0 0 0 0 0 0
bct 16 6 1 0 0 0 1 1 0
bct 16 7 1 0 0 2 0 0 0
bct 16 8 1 0 0 2 0 0 0
bct 16 9 0 0 0 0 0 0 0
bct 16 10 0 1 1 1 0 0 0
bct 16 11 0 0 0 0 0 0 0
bct 16 12 0 0 0 0 0 0 0
bct 16 13 1 0 1 0 0 0 1
bct 16 14 0 0 0 0 0 0 0
bct 16 15 0 0 0 0 0 0 0
bct 16 16 0 0 0 0 0 0 0
bct 16 17 0 0 0 1 2 0 0
bct 16 18 2 0 1 0 0 0 0
bct 16 19 0 0 0 0 0 0 0
bct 16 20 1 1 0 0 0 0 1
bct 16 21 0 0 0 0 0 0 0
bct 16 22 0 0 0 0 0 0 0
bct 16 23 0 0 0 0 0 0 0
bct 16 24 0 0 1 1 1 0 0
bct 16 25 0 0 0 2 1 0 0
bct 16 26 0 0 0 0 0 0 0
bct 16 27 0 0 0 0 0 0 0
bct 16 28 0 0 0 0 0 0 0
bct 16 29 0 0 0 0 0 0 0
bct 16 30 0 0 0 0 0 0 0
bct 16 31 0 0 0 0 0 0 0
bct 16 32 0 0 0 0 0 0 0
bct 16 33 0 2 0 0 0 1 0
bct 16 34 0 0 0 0 0 0 0
bct 16 35 0 0 0 0 0 0 0
bct 16 36 0 0 0 0 0 0 0
bct 16 37 1 0 0 0 0 2 0
bct 16 38 0 0 0 0 0 0 0
bct 16 39 0 0 0 0 0 0 0
bct 16 40 0 0 0 0 0 0 0
bct 16 41 0 1 1 0 1 0 0
bct 16 42 0 1 0 0 0 1 1
bct 16 43 0 0 0 0 0 0 0
bct 16 44 0 0 0 0 0 0 0
bct 16 45 0 1 2 0 0 0 0
bct 16 46 0 0 0 0 0 0 0
bct 16 47 0 0 0 0 0 0 0
bct 16 48 0 0 0 0 0 0 0
bct 16 49 0 0 0 0 0 0 0
bct 17 0 0 0 0 0 0 0 0
bct 17 1 0 0 0 0 0 0 0
bct 17 2 0 0 2 1 0 0 0
bct 17 3 0 0 0 0 0 0 0
bct 17 4 0 0 0 0 0 0 0
bct 17 5 0 0 0 0 0 0 0
bct 17 6 0 0 0 0 0 0 0
bct 17 7 0 1 0 0 0 1 1
bct 17 8 0 0 0 0 0 0 0
bct 17 9 0 0 0 0 0 0 0
bct 17 10 0 0 0 0 0 0 0
bct 17 11 0 0 0 0 0 0 0
bct 17 12 0 1 1 0 0 1 0
bct 17 13 0 0 0 0 0 0 0
bct 17 14 0 0 0 0 0 0 0
bct 17 15 0 0 0 0 0 0 0
bct 17 16 0 0 1 0 2 0 0
bct 17 17 0 0 0 0 0 0 0
bct 17 18 0 0 0 0 0 0 0
bct 17 19 0 0 0 1 1 0 1
bct 17 20 0 0 0 1 1 1 0
bct 17 21 1 1 0 1 0 0 0
bct 17 22 2 0 0 0 0 0 1
bct 17 23 0 0 0 0 0 0 0
bct 17 24 0 0 0 0 0 0 0
bct 17 25 0 0 0 0 0 0 0
bct 17 26 0 0 0 0 0 0 0
bct 17 27 0 0 0 0 0 0 0
bct 17 28 0 0 0 0 0 0 0
bct 17 29 0 0 1 1 0 0 1
bct 17 30 0 0 1 1 0 0 1
bct 17 31 0 0 0 0 0 0 0
bct 17 32 0 0 0 0 0 0 0
bct 17 33 0 0 0 0 0 0 0
bct 17 34 0 0 0 0 0 0 0
bct 17 35 0 0 0 0 0 0 0
bct 17 36 2 0 0 1 0 0 0
bct 17 37 0 0 0 0 0 0 0
bct 17 38 0 0 0 0 0 0 0
bct 17 39 0 0 0 0 0 0 0
bct 17 40 0 0 0 0 0 0 0
bct 17 41 0 0 0 0 0 0 0
bct 17 42 0 0 0 0 0 0 0
bct 17 43 0 0 0 0 0 0 0
bct 17 44 0 0 1 0 1 1 0
bct 17 45 0 0 0 0 0 0 0
bct 17 46 0 0 0 0 0 0 0
bct 17 47 1 2 0 0 0 0 0
bct 17 48 0 0 1 0 1 1 0
bct 17 49 0 0 0 0 0 0 0
bct 18 0 0 0 0 0 0 0 0
bct 18 1 0 0 0 0 0 0 0
bct 18 2 0 0 0 0 0 0 0
bct 18 3 0 1 1 0 1 0 0
bct 18 4 0 0 0 0 0 0 0
bct 18 5 0 0 0 0 0 0 0
bct 18 6 0 0 0 0 0 0 0
bct 18 7 0 0 0 0 0 0 0
bct 18 8 0 0 0 0 0 0 0
bct 18 9 0 0 0 0 0 0 0
bct 18 10 0 0 1 0 2 0 0
bct 18 11 0 0 0 0 0 0 0
bct 18 12 0 1 0 1 0 1 0
bct 18 13 1 1 0 0 0 0 1
bct 18 14 0 1 0 0 0 2 0
bct 18 15 0 1 1 0 0 0 1
bct 18 16 0 2 0 0 1 0 0
bct 18 17 0 0 0 0 0 0 0
bct 18 18 0 0 0 0 1 1 1
bct 18 19 0 0 0 0 0 0 0
bct 18 20 0 0 0 0 0 0 0
bct 18 21 0 1 0 0 1 1 0
bct 18 22 0 0 0 0 0 0 0
bct 18 23 0 0 0 0 0 0 0
bct 18 24 0 0 0 0 0 0 0
bct 18 25 0 0 0 0 0 0 0
bct 18 26 0 0 2 1 0 0 0
bct 18 27 0 0 0 0 0 0 0
bct 18 28 0 0 0 0 0 0 0
bct 18 29 0 2 0 0 0 0 1
bct 18 30 0 0 0 0 0 0 0
bct 18 31 0 0 0 0 0 0 0
bct 18 32 0 0 0 0 0 0 0
bct 18 33 0 0 0 0 0 2 1
bct 18 34 0 0 0 0 0 0 0
bct 18 35 0 0 0 0 0 0 0
bct 18 36 0 0 0 0 0 0 0
bct 18 37 0 0 0 0 0 0 0
bct 18 38 0 0 0 0 0 0 0
bct 18 39 0 2 1 0 0 0 0
bct 18 40 0 0 0 0 0 0 0
bct 18 41 0 0 0 0 0 0 0
bct 18 42 0 0 0 0 0 0 0
bct 18 43 0 0 0 0 0 0 0
bct 18 44 0 0 0 0 0 0 0
bct 18 45 0 0 0 0 0 0 0
bct 18 46 0 1 0 0 1 0 1
bct 18 47 0 0 0 0 0 0 0
bct 18 48 0 1 0 0 1 0 1
bct 18 49 1 0 1 0 1 0 0
bct 19 0 0 0 0 0 0 0 0
bct 19 1 0 0 0 0 0 0 0
bct 19 2 0 0 0 0 0 0 0
bct 19 3 0 0 0 0 0 0 0
bct 19 4 0 0 0 0 0 0 0
bct 19 5 0 0 0 0 0 0 0
bct 19 6 0 0 0 0 0 0 0
bct 19 7 0 0 0 0 0 0 0
bct 19 8 0 0 0 0 0 0 0
bct 19 9 0 0 0 0 0 0 0
bct 19 10 0 0 0 0 0 0 0
bct 19 11 1 0 0 0 2 0 0
bct 19 12 0 0 0 0 0 1 2
bct 19 13 0 0 0 0 0 0 0
bct 19 14 0 0 0 0 0 0 0
bct 19 15 0 0 0 0 0 0 0
bct 19 16 1 0 1 0 0 1 0
bct 19 17 0 0 0 0 0 0 0
bct 19 18 0 0 0 0 0 0 0
bct 19 19 0 0 0 0 0 0 0
bct 19 20 0 0 1 1 0 0 1
bct 19 21 0 0 0 0 0 0 0
bct 19 22 0 0 0 0 0 0 0
bct 19 23 0 0 0 0 0 0 0
bct 19 24 0 0 1 1 1 0 0
bct 19 25 0 0 0 0 1 2 0
bct 19 26 0 0 0 0 0 0 0
bct 19 27 0 0 0 0 0 0 0
bct 19 28 0 0 0 0 0 0 0
bct 19 29 0 1 1 0 0 0 1
bct 19 30 0 0 0 1 1 1 0
bct 19 31 0 0 0 0 0 0 0
bct 19 32 1 0 1 0 1 0 0
bct 19 33 0 0 0 0 0 0 0
bct 19 34 0 0 0 0 0 0 0
bct 19 35 0 0 0 0 0 0 0
bct 19 36 0 0 0 0 0 0 0
bct 19 37 0 1 0 0 2 0 0
bct 19 38 0 0 0 0 0 0 0
bct 19 39 0 0 0 0 0 0 0
bct 19 40 0 0 0 2 0 0 1
bct 19 41 0 0 0 0 0 0 0
bct 19 42 0 0 0 0 0 0 0
bct 19 43 0 0 0 0 0 0 0
bct 19 44 0 0 0 0 0 0 0
bct 19 45 0 0 0 0 0 0 0
bct 19 46 0 0 0 0 0 0 0
bct 19 47 0 0 0 0 0 0 0
bct 19 48 0 0 0 0 0 0 0
bct 19 49 0 0 0 0 0 0 0
bct 20 0 1 1 0 0 0 1 0
bct 20 1 0 0 0 0 0 0 0
bct 20 2 0 0 0 0 0 0 0
bct 20 3 1 0 1 1 0 0 0
bct 20 4 1 0 2 0 0 0 0
bct 20 5 0 0 0 0 0 0 0
bct 20 6 0 0 0 1 1 1 0
bct 20 7 0 0 1 0 1 0 1
bct 20 8 0 0 0 0 1 1 1
bct 20 9 0 1 2 0 0 0 0
bct 20 10 0 0 0 0 0 0 0
bct 20 11 0 0 0 0 0 0 0
bct 20 12 0 0 2 0 0 1 0
bct 20 13 0 0 0 1 1 1 0
bct 20 14 0 0 0 0 0 0 0
bct 20 15 0 0 0 0 0 0 0
bct 20 16 0 0 0 0 0 0 0
bct 20 17 0 0 0 0 0 0 0
bct 20 18 0 0 0 0 0 0 0
bct 20 19 0 2 0 0 1 0 0
bct 20 20 1 0 0 0 1 0 1
bct 20 21 0 0 0 0 0 0 0
bct 20 22 0 0 0 0 0 0 0
bct 20 23 0 0 0 0 0 0 0
bct 20 24 0 0 0 0 0 0 0
bct 20 25 0 0 0 0 0 0 0
bct 20 26 0 0 0 0 0 0 0
bct 20 27 1 1 0 0 0 0 1
bct 20 28 0 0 0 0 0 0 0
bct 20 29 1 0 1 0 0 1 0
bct 20 30 0 0 0 0 0 0 0
bct 20 31 0 1 1 0 1 0 0
bct 20 32 0 0 1 0 0 0 2
bct 20 33 0 0 0 0 0 0 0
bct 20 34 0 0 0 0 0 0 0
bct 20 35 0 1 0 0 1 0 1
bct 20 36 0 0 0 0 0 0 0
bct 20 37 1 0 0 0 1 0 1
bct 20 38 1 1 0 0 0 0 1
bct 20 39 0 0 0 0 0 0 0
bct 20 40 0 0 0 0 0 0 0
bct 20 41 1 1 1 0 0 0 0
bct 20 42 0 0 0 0 0 0 0
bct 20 43 0 1 0 0 0 2 0
bct 20 44 0 0 0 0 0 0 0
bct 20 45 0 0 0 0 0 0 0
bct 20 46 3 0 0 0 0 0 0
bct 20 47 2 0 0 1 0 0 0
bct 20 48 0 0 0 0 0 0 0
bct 20 49 0 0 0 0 0 0 0
bct 21 0 0 0 0 0 0 0 0
bct 21 1 1 1 1 0 0 0 0
bct 21 2 0 0 0 0 0 0 0
bct 21 3 0 0 0 0 0 0 0
bct 21 4 0 0 1 1 0 1 0
bct 21 5 0 0 0 0 0 0 0
bct 21 6 0 0 0 0 0 0 0
bct 21 7 0 0 0 0 0 1 2
bct 21 8 0 0 1 1 0 0 1
bct 21 9 0 0 0 2 0 1 0
bct 21 10 0 0 0 0 0 0 0
bct 21 11 1 1 1 0 0 0 0
bct 21 12 0 0 0 0 0 0 0
bct 21 13 0 0 0 0 0 0 0
bct 21 14 0 0 0 0 0 0 0
bct 21 15 1 1 0 0 1 0 0
bct 21 16 0 0 0 0 0 0 0
bct 21 17 0 1 0 0 0 1 1
bct 21 18 0 0 0 0 0 0 0
bct 21 19 0 0 0 0 0 0 0
bct 21 20 0 0 0 1 1 0 1
bct 21 21 0 0 0 0 0 0 0
bct 21 22 0 0 1 0 1 0 1
bct 21 23 0 0 0 0 0 0 0
bct 21 24 0 0 0 0 0 0 0
bct 21 25 0 2 1 0 0 0 0
bct 21 26 1 0 0 0 2 0 0
bct 21 27 0 0 1 0 1 1 0
bct 21 28 0 0 0 0 0 0 0
bct 21 29 0 0 0 0 0 0 0
bct 21 30 0 0 0 0 0 0 0
bct 21 31 0 0 0 1 1 1 0
bct 21 32 1 0 0 0 0 1 1
bct 21 33 0 0 0 0 0 0 0
bct 21 34 0 0 0 0 0 0 0
bct 21 35 0 0 0 0 0 0 0
bct 21 36 0 0 0 0 0 0 0
bct 21 37 0 0 0 0 0 0 0
bct 21 38 1 0 0 1 1 0 0
bct 21 39 0 1 1 1 0 0 0
bct 21 40 0 0 0 1 0 0 2
bct 21 41 0 0 0 1 0 1 1
bct 21 42 0 0 1 0 2 0 0
bct 21 43 0 0 0 2 0 1 0
bct 21 44 0 0 0 0 0 0 0
bct 21 45 1 0 0 0 1 0 1
bct 21 46 0 0 0 0 0 0 0
bct 21 47 0 0 0 0 0 0 0
bct 21 48 0 0 0 0 0 0 0
bct 21 49 0 0 0 0 0 0 0
bct 22 0 0 0 0 0 0 0 0
bct 22 1 0 0 0 0 0 0 0
bct 22 2 0 0 2 0 1 0 0
bct 22 3 0 0 0 0 0 0 0
bct 22 4 0 2 0 0 1 0 0
bct 22 5 0 0 0 0 0 0 0
bct 22 6 0 0 0 0 0 0 0
bct 22 7 0 0 0 0 0 0 0
bct 22 8 0 1 0 2 0 0 0
bct 22 9 0 0 0 0 0 0 0
bct 22 10 1 0 0 0 0 2 0
bct 22 11 0 1 0 0 0 1 1
bct 22 12 0 0 0 0 0 0 0
bct 22 13 0 0 0 0 0 0 0
bct 22 14 0 0 0 0 0 0 0
bct 22 15 0 0 0 0 0 0 0
bct 22 16 1 0 0 1 0 0 1
bct 22 17 0 0 0 0 0 0 0
bct 22 18 0 0 1 0 1 0 1
bct 22 19 0 0 0 0 0 0 0
bct 22 20 0 0 1 0 1 1 0
bct 22 21 0 0 0 0 0 0 0
bct 22 22 0 0 0 0 0 0 0
bct 22 23 0 0 0 0 0 0 0
bct 22 24 0 0 0 0 0 0 0
bct 22 25 0 0 0 0 0 0 0
bct 22 26 0 0 2 0 0 0 1
bct 22 27 0 0 0 0 0 0 0
bct 22 28 0 0 0 0 0 0 0
bct 22 29 0 0 0 0 0 0 0
bct 22 30 0 0 0 0 0 0 0
bct 22 31 0 0 0 0 0 0 0
bct 22 32 0 0 0 0 0 0 0
bct 22 33 1 0 0 1 1 0 0
bct 22 34 0 0 1 1 1 0 0
bct 22 35 0 0 0 0 0 0 0
bct 22 36 0 0 0 0 0 0 0
bct 22 37 0 0 0 0 1 0 2
bct 22 38 0 0 0 0 0 0 0
bct 22 39 1 0 0 1 1 0 0
bct 22 40 0 0 0 0 0 0 0
bct 22 41 0 2 0 1 0 0 0
bct 22 42 0 0 0 0 0 0 0
bct 22 43 0 0 2 0 1 0 0
bct 22 44 0 0 0 0 0 0 0
bct 22 45 1 0 0 1 0 1 0
bct 22 46 0 0 0 0 0 0 0
bct 22 47 0 0 0 0 0 0 0
bct 22 48 0 0 0 0 0 1 2
bct 22 49 0 1 1 1 0 0 0
bct 23 0 0 0 0 0 0 2 1
bct 23 1 0 0 0 0 0 0 0
bct 23 2 0 0 0 0 0 0 0
bct 23 3 0 0 2 0 1 0 0
bct 23 4 0 1 0 2 0 0 0
bct 23 5 1 0 0 0 1 0 1
bct 23 6 0 0 0 0 0 0 0
bct 23 7 0 0 0 0 0 0 0
bct 23 8 0 0 0 0 0 0 0
bct 23 9 0 0 0 0 0 0 0
bct 23 10 1 0 0 0 0 1 1
bct 23 11 0 0 0 0 0 0 0
bct 23 12 0 0 0 0 0 0 0
bct 23 13 0 0 0 0 0 0 0
bct 23 14 0 0 2 0 1 0 0
bct 23 15 0 0 0 0 0 0 0
bct 23 16 2 1 0 0 0 0 0
bct 23 17 0 0 0 0 0 0 0
bct 23 18 0 0 0 0 0 0 0
bct 23 19 0 1 2 0 0 0 0
bct 23 20 0 0 0 0 0 0 0
bct 23 21 0 0 0 0 0 0 0
bct 23 22 1 1 0 0 0 0 1
bct 23 23 0 0 0 0 0 0 0
bct 23 24 0 0 0 0 0 0 0
bct 23 25 0 0 0 0 0 0 0
bct 23 26 0 0 0 0 0 0 0
bct 23 27 0 0 0 0 0 0 0
bct 23 28 0 0 0 0 0 0 0
bct 23 29 0 0 0 0 0 0 0
bct 23 30 0 1 0 0 1 1 0
bct 23 31 0 1 0 0 0 1 1
bct 23 32 0 0 0 0 0 0 0
bct 23 33 0 0 0 0 1 0 2
bct 23 34 0 0 0 0 0 0 0
bct 23 35 0 0 0 0 0 0 0
bct 23 36 0 0 0 0 0 0 0
bct 23 37 0 0 0 0 0 0 0
bct 23 38 0 0 0 0 0 0 0
bct 23 39 0 0 0 0 0 0 0
bct 23 40 0 1 1 0 0 1 0
bct 23 41 0 0 0 0 0 0 0
bct 23 42 0 0 0 0 0 0 0
bct 23 43 0 0 0 0 0 0 0
bct 23 44 0 0 0 0 0 0 0
bct 23 45 0 0 0 0 0 0 0
bct 23 46 0 0 1 0 0 2 0
bct 23 47 0 0 0 0 0 0 0
bct 23 48 0 0 0 0 0 0 0
bct 23 49 0 0 0 0 0 0 0
bct 24 0 1 0 0 2 0 0 0
bct 24 1 0 1 0 1 0 1 0
bct 24 2 0 0 0 0 0 0 0
bct 24 3 0 0 0 0 0 0 0
bct 24 4 0 0 0 0 0 0 0
bct 24 5 1 0 1 0 0 1 0
bct 24 6 1 0 0 1 1 0 0
bct 24 7 0 0 0 0 0 0 0
bct 24 8 1 1 1 0 0 0 0
bct 24 9 0 0 0 0 0 0 0
bct 24 10 0 1 0 1 1 0 0
bct 24 11 0 2 0 0 0 0 1
bct 24 12 1 0 0 1 1 0 0
bct 24 13 0 0 0 0 0 0 0
bct 24 14 0 0 0 0 0 0 0
bct 24 15 0 0 0 0 0 0 0
bct 24 16 0 2 1 0 0 0 0
bct 24 17 0 0 0 0 0 0 0
bct 24 18 0 0 0 0 0 0 0
bct 24 19 0 0 0 0 0 0 0
bct 24 20 0 0 0 0 0 0 0
bct 24 21 0 0 0 0 0 0 0
bct 24 22 0 1 1 0 0 1 0
bct 24 23 0 0 0 0 0 0 0
bct 24 24 0 0 0 0 0 0 0
bct 24 25 0 1 0 1 0 0 1
bct 24 26 0 0 0 0 0 0 0
bct 24 27 0 0 0 0 0 0 0
bct 24 28 0 1 0 0 0 1 1
bct 24 29 0 0 1 1 1 0 0
bct 24 30 0 0 0 0 0 0 0
bct 24 31 0 0 0 0 0 0 0
bct 24 32 0 0 0 0 0 0 0
bct 24 33 0 0 0 0 0 0 0
bct 24 34 0 0 0 0 1 1 1
bct 24 35 0 0 0 0 0 0 0
bct 24 36 0 0 0 0 0 0 0
bct 24 37 1 0 1 0 0 1 0
bct 24 38 1 1 0 0 0 1 0
bct 24 39 0 0 1 0 1 1 0
bct 24 40 0 0 0 0 0 0 0
bct 24 41 0 0 0 0 0 0 0
bct 24 42 0 0 0 0 0 0 0
bct 24 43 1 0 1 0 1 0 0
bct 24 44 0 0 0 0 0 0 0
bct 24 45 0 0 0 0 0 0 0
bct 24 46 2 0 0 1 0 0 0
bct 24 47 0 0 0 0 0 0 0
bct 24 48 0 0 0 0 0 0 0
bct 24 49 0 0 0 0 0 0 0
bct 25 0 0 1 0 1 0 0 1
bct 25 1 0 0 0 0 0 0 0
bct 25 2 0 0 0 0 0 0 0
bct 25 3 0 0 0 0 0 0 0
bct 25 4 0 0 0 0 1 2 0
bct 25 5 1 0 1 0 0 0 1
bct 25 6 0 0 0 0 0 0 0
bct 25 7 0 0 0 0 0 0 0
bct 25 8 0 0 0 0 0 0 0
bct 25 9 0 0 0 0 0 0 0
bct 25 10 2 0 0 0 0 0 1
bct 25 11 0 0 0 0 0 0 0
bct 25 12 0 0 0 0 0 0 0
bct 25 13 0 0 0 0 0 0 0
bct 25 14 0 0 0 0 0 0 0
bct 25 15 0 0 0 0 0 0 0
bct 25 16 0 0 0 0 0 0 0
bct 25 17 0 0 0 0 0 0 0
bct 25 18 0 0 0 0 0 0 0
bct 25 19 0 0 2 0 1 0 0
bct 25 20 0 0 0 0 0 0 0
bct 25 21 0 0 1 0 0 1 1
bct 25 22 1 0 1 0 0 0 1
bct 25 23 0 0 0 0 0 0 0
bct 25 24 0 0 0 0 0 0 0
bct 25 25 0 0 0 0 1 0 2
bct 25 26 1 0 0 0 1 0 1
bct 25 27 0 0 0 0 0 0 0
bct 25 28 0 1 0 1 0 0 1
bct 25 29 0 0 0 0 0 0 0
bct 25 30 0 0 0 0 0 0 0
bct 25 31 0 0 0 0 0 0 0
bct 25 32 0 0 0 0 0 0 0
bct 25 33 0 0 0 0 0 0 0
bct 25 34 0 0 0 0 0 0 0
bct 25 35 1 0 1 0 0 1 0
bct 25 36 0 0 0 0 0 0 0
bct 25 37 0 0 0 0 0 0 0
bct 25 38 1 1 0 0 0 1 0
bct 25 39 0 0 0 0 1 1 1
bct 25 40 0 0 0 0 0 0 0
bct 25 41 0 0 0 0 0 0 0
bct 25 42 0 0 0 0 0 0 0
bct 25 43 0 0 0 0 0 0 0
bct 25 44 0 1 0 1 1 0 0
bct 25 45 0 0 0 0 0 0 0
bct 25 46 0 0 0 0 0 0 0
bct 25 47 0 0 0 0 0 0 0
bct 25 48 0 1 0 0 0 0 2
bct 25 49 0 0 0 0 0 0 0
bct 26 0 0 0 0 0 0 0 0
bct 26 1 0 0 0 0 0 0 0
bct 26 2 0 0 0 0 0 0 0
bct 26 3 0 1 0 0 0 2 0
bct 26 4 0 0 2 0 0 0 1
bct 26 5 0 0 1 0 1 0 1
bct 26 6 1 0 1 0 1 0 0
bct 26 7 0 1 0 1 1 0 0
bct 26 8 1 1 0 0 0 0 1
bct 26 9 0 0 0 1 0 1 1
bct 26 10 0 0 0 0 0 0 0
bct 26 11 0 0 0 0 0 0 0
bct 26 12 0 0 0 0 0 0 0
bct 26 13 0 0 0 0 0 0 0
bct 26 14 0 1 0 1 0 1 0
bct 26 15 0 0 1 0 0 1 1
bct 26 16 0 0 0 0 0 0 0
bct 26 17 0 0 0 0 0 0 0
bct 26 18 0 0 0 0 0 0 0
bct 26 19 0 0 0 0 0 0 0
bct 26 20 1 0 0 1 1 0 0
bct 26 21 0 0 0 0 0 0 0
bct 26 22 0 0 0 0 0 0 0
bct 26 23 0 0 0 0 0 0 0
bct 26 24 0 0 0 1 0 0 2
bct 26 25 0 0 0 0 0 0 0
bct 26 26 0 0 0 1 1 0 1
bct 26 27 1 0 0 2 0 0 0
bct 26 28 0 0 0 0 0 0 0
bct 26 29 0 0 0 0 0 0 0
bct 26 30 0 0 0 0 0 0 0
bct 26 31 0 0 0 0 0 0 0
bct 26 32 0 0 0 0 0 0 0
bct 26 33 0 0 0 0 0 0 0
bct 26 34 0 0 0 0 0 0 0
bct 26 35 0 0 0 0 0 0 0
bct 26 36 0 0 0 0 0 2 1
bct 26 37 0 0 0 0 0 0 0
bct 26 38 0 0 1 0 1 1 0
bct 26 39 0 0 0 0 0 0 0
bct 26 40 0 0 0 0 0 0 0
bct 26 41 1 0 0 1 0 0 1
bct 26 42 0 0 0 1 1 0 1
bct 26 43 0 0 0 0 0 0 0
bct 26 44 0 0 0 0 0 0 0
bct 26 45 0 0 0 0 0 0 0
bct 26 46 0 0 0 0 0 0 0
bct 26 47 0 1 0 0 1 0 1
bct 26 48 0 0 0 0 0 0 0
bct 26 49 1 0 1 0 0 1 0
bct 27 0 0 0 0 0 0 0 0
bct 27 1 0 0 0 0 0 0 0
bct 27 2 0 0 0 0 1 0 2
bct 27 3 0 0 0 2 0 1 0
bct 27 4 0 0 0 0 0 0 0
bct 27 5 1 0 0 0 1 1 0
bct 27 6 0 0 0 0 0 0 0
bct 27 7 0 2 0 1 0 0 0
bct 27 8 1 0 1 0 0 1 0
bct 27 9 0 0 0 0 0 0 0
bct 27 10 0 2 1 0 0 0 0
bct 27 11 0 0 0 0 0 0 0
bct 27 12 1 0 0 1 1 0 0
bct 27 13 0 0 0 0 0 0 0
bct 27 14 0 0 0 0 0 0 0
bct 27 15 0 0 0 0 0 0 0
bct 27 16 0 0 0 0 0 0 0
bct 27 17 0 0 0 0 0 0 0
bct 27 18 0 0 0 0 0 0 0
bct 27 19 0 0 0 0 0 0 0
bct 27 20 0 0 2 0 1 0 0
bct 27 21 0 0 0 0 0 0 0
bct 27 22 0 0 0 0 0 0 0
bct 27 23 0 2 1 0 0 0 0
bct 27 24 0 0 0 0 0 0 0
bct 27 25 0 1 0 1 0 0 1
bct 27 26 0 0 0 0 0 0 0
bct 27 27 0 0 0 0 0 0 0
bct 27 28 0 0 0 0 0 0 0
bct 27 29 0 0 0 0 0 0 0
bct 27 30 0 0 0 0 0 0 0
bct 27 31 0 0 0 0 0 0 0
bct 27 32 1 0 0 0 0 2 0
bct 27 33 0 0 0 0 0 0 0
bct 27 34 0 0 0 0 0 0 0
bct 27 35 0 1 1 1 0 0 0
bct 27 36 1 0 0 1 0 1 0
bct 27 37 1 0 0 2 0 0 0
bct 27 38 0 0 0 0 0 0 0
bct 27 39 0 0 0 0 0 0 0
bct 27 40 0 0 0 0 0 0 0
bct 27 41 0 0 0 0 0 0 0
bct 27 42 0 0 0 0 0 0 0
bct 27 43 0 0 0 0 0 0 0
bct 27 44 0 0 0 0 0 0 0
bct 27 45 0 0 0 0 0 0 0
bct 27 46 0 0 0 0 0 0 0
bct 27 47 0 0 0 0 0 0 0
bct 27 48 0 0 0 0 0 0 0
bct 27 49 0 0 0 0 0 0 0
bct 28 0 0 0 0 0 0 0 0
bct 28 1 0 0 0 0 0 0 0
bct 28 2 0 0 0 0 0 0 0
bct 28 3 0 0 0 0 0 0 0
bct 28 4 0 0 0 0 0 0 0
bct 28 5 1 0 0 0 0 1 1
bct 28 6 0 0 0 0 0 0 0
bct 28 7 1 1 0 0 1 0 0
bct 28 8 0 0 0 0 0 0 0
bct 28 9 0 0 0 0 0 0 0
bct 28 10 0 0 0 0 0 0 0
bct 28 11 0 0 0 0 0 0 0
bct 28 12 0 0 0 0 0 0 0
bct 28 13 0 1 0 2 0 0 0
bct 28 14 0 0 0 0 0 0 0
bct 28 15 0 0 0 0 2 1 0
bct 28 16 0 0 1 1 0 0 1
bct 28 17 0 0 0 0 0 0 0
bct 28 18 0 0 0 0 0 0 0
bct 28 19 0 0 0 0 0 0 0
bct 28 20 0 0 0 0 0 0 0
bct 28 21 0 0 0 0 0 0 0
bct 28 22 0 0 0 0 0 0 0
bct 28 23 0 0 0 0 0 0 0
bct 28 24 0 1 1 0 1 0 0
bct 28 25 0 0 0 0 1 1 1
bct 28 26 0 1 1 0 0 0 1
bct 28 27 0 1 0 0 1 0 1
bct 28 28 0 0 0 1 0 2 0
bct 28 29 0 0 0 0 0 0 0
bct 28 30 0 0 0 0 0 0 0
bct 28 31 2 0 0 0 0 1 0
bct 28 32 1 0 1 1 0 0 0
bct 28 33 0 0 0 0 0 0 0
bct 28 34 0 0 0 0 0 0 0
bct 28 35 0 1 0 1 0 1 0
bct 28 36 0 0 0 0 0 0 0
bct 28 37 0 0 0 3 0 0 0
bct 28 38 0 0 0 0 0 0 0
bct 28 39 0 0 0 0 0 0 0
bct 28 40 0 0 0 0 0 0 0
bct 28 41 1 0 0 0 2 0 0
bct 28 42 0 3 0 0 0 0 0
bct 28 43 0 0 0 0 0 0 0
bct 28 44 0 0 0 0 0 0 0
bct 28 45 0 0 0 0 0 0 0
bct 28 46 0 0 0 0 0 0 0
bct 28 47 0 0 0 0 0 0 0
bct 28 48 0 0 0 0 0 0 0
bct 28 49 0 0 0 0 0 0 0
bct 29 0 0 0 0 0 0 0 0
bct 29 1 1 0 1 1 0 0 0
bct 29 2 0 0 0 0 0 0 0
bct 29 3 0 0 0 0 0 0 0
bct 29 4 0 0 0 0 0 0 0
bct 29 5 0 0 0 0 0 0 0
bct 29 6 0 0 0 0 0 0 0
bct 29 7 0 0 0 1 0 1 1
bct 29 8 1 0 1 0 0 0 1
bct 29 9 0 0 0 0 0 0 0
bct 29 10 0 0 0 0 0 0 0
bct 29 11 0 0 0 0 0 0 0
bct 29 12 3 0 0 0 0 0 0
bct 29 13 0 1 0 0 0 1 1
bct 29 14 0 0 0 0 0 0 0
bct 29 15 0 0 1 1 0 1 0
bct 29 16 0 0 0 1 2 0 0
bct 29 17 0 1 0 0 1 0 1
bct 29 18 0 0 0 1 0 2 0
bct 29 19 0 0 0 2 1 0 0
bct 29 20 1 0 1 1 0 0 0
bct 29 21 0 0 1 1 0 0 1
bct 29 22 0 0 0 0 0 0 0
bct 29 23 0 1 1 1 0 0 0
bct 29 24 0 0 0 1 1 1 0
bct 29 25 0 0 0 0 0 0 0
bct 29 26 0 0 0 0 0 0 0
bct 29 27 0 0 0 0 0 0 0
bct 29 28 0 0 0 0 0 0 0
bct 29 29 0 0 0 0 0 0 0
bct 29 30 0 0 0 0 0 0 0
bct 29 31 0 0 0 0 0 0 0
bct 29 32 0 0 1 2 0 0 0
bct 29 33 0 0 0 0 0 0 0
bct 29 34 0 0 0 0 0 0 0
bct 29 35 0 0 0 0 0 0 0
bct 29 36 1 0 0 2 0 0 0
bct 29 37 0 0 0 0 0 0 0
bct 29 38 0 0 0 0 0 0 0
bct 29 39 0 0 0 0 0 0 0
bct 29 40 0 0 0 0 0 0 0
bct 29 41 0 0 0 0 0 0 0
bct 29 42 0 0 2 0 0 0 1
bct 29 43 0 0 0 1 1 0 1
bct 29 44 0 0 0 0 0 1 2
bct 29 45 0 0 0 0 0 0 0
bct 29 46 0 0 0 0 0 0 0
bct 29 47 0 0 0 0 0 0 0
bct 29 48 0 0 1 1 1 0 0
bct 29 49 0 0 0 0 0 0 0
bct 30 0 0 0 0 0 0 0 0
bct 30 1 0 0 0 0 0 0 0
bct 30 2 0 0 0 0 0 0 0
bct 30 3 0 0 0 0 0 0 0
bct 30 4 0 1 0 1 0 1 0
bct 30 5 0 0 0 0 0 0 0
bct 30 6 0 0 0 0 0 0 0
bct 30 7 0 0 0 0 1 0 2
bct 30 8 0 0 0 0 0 0 0
bct 30 9 0 0 0 0 0 0 0
bct 30 10 0 0 0 0 0 0 0
bct 30 11 0 0 1 2 0 0 0
bct 30 12 0 1 0 1 1 0 0
bct 30 13 0 0 0 0 0 0 0
bct 30 14 2 0 0 0 0 1 0
bct 30 15 0 0 2 0 1 0 0
bct 30 16 0 0 0 0 0 0 0
bct 30 17 0 1 0 1 0 0 1
bct 30 18 0 0 0 0 0 0 0
bct 30 19 0 0 0 0 0 0 0
bct 30 20 0 0 0 0 0 0 0
bct 30 21 1 0 0 0 1 0 1
bct 30 22 0 0 0 0 0 0 0
bct 30 23 0 1 1 1 0 0 0
bct 30 24 0 0 0 0 0 0 0
bct 30 25 2 0 0 0 0 0 1
bct 30 26 0 0 0 0 0 0 0
bct 30 27 0 1 0 0 2 0 0
bct 30 28 0 0 0 0 0 0 0
bct 30 29 1 1 0 1 0 0 0
bct 30 30 0 0 0 0 0 0 0
bct 30 31 0 0 0 0 0 0 0
bct 30 32 0 0 0 0 0 0 0
bct 30 33 0 2 0 1 0 0 0
bct 30 34 1 1 0 0 0 0 1
bct 30 35 0 0 0 0 0 0 0
bct 30 36 0 0 0 0 0 0 0
bct 30 37 1 1 0 0 0 1 0
bct 30 38 0 0 0 0 0 0 0
bct 30 39 0 0 1 1 1 0 0
bct 30 40 0 0 0 0 0 0 0
bct 30 41 0 0 1 0 0 0 2
bct 30 42 0 0 0 0 0 0 0
bct 30 43 0 0 0 3 0 0 0
bct 30 44 0 0 0 0 0 0 0
bct 30 45 0 0 0 1 0 2 0
bct 30 46 0 0 0 0 0 0 0
bct 30 47 0 0 0 0 0 0 0
bct 30 48 0 1 1 0 0 0 1
bct 30 49 0 0 0 0 0 0 0
bct 31 0 0 0 1 0 2 0 0
bct 31 1 0 0 0 0 0 0 0
bct 31 2 0 0 0 0 0 0 0
bct 31 3 1 2 0 0 0 0 0
bct 31 4 0 0 2 0 0 0 1
bct 31 5 0 2 0 0 1 0 0
bct 31 6 0 0 0 0 0 0 0
bct 31 7 0 0 0 0 0 0 0
bct 31 8 0 0 0 0 0 0 0
bct 31 9 0 1 0 0 1 0 1
bct 31 10 0 1 1 0 1 0 0
bct 31 11 0 0 0 0 0 0 0
bct 31 12 0 0 1 0 0 1 1
bct 31 13 1 0 1 0 0 0 1
bct 31 14 1 1 0 0 0 1 0
bct 31 15 0 0 0 0 0 0 0
bct 31 16 0 0 0 0 0 0 0
bct 31 17 1 0 0 1 0 1 0
bct 31 18 0 0 0 0 0 0 0
bct 31 19 0 0 0 1 1 1 0
bct 31 20 0 0 0 0 0 0 0
bct 31 21 0 0 0 0 0 0 0
bct 31 22 0 0 0 0 0 0 0
bct 31 23 0 0 0 0 0 0 0
bct 31 24 0 0 0 0 0 0 0
bct 31 25 0 0 0 0 0 0 0
bct 31 26 0 0 0 0 0 0 0
bct 31 27 0 0 0 0 0 0 0
bct 31 28 0 0 0 0 0 0 0
bct 31 29 0 0 0 0 0 0 0
bct 31 30 0 0 0 0 0 0 0
bct 31 31 1 1 0 0 1 0 0
bct 31 32 0 0 0 0 0 0 0
bct 31 33 1 0 1 0 1 0 0
bct 31 34 0 1 0 0 0 2 0
bct 31 35 0 0 0 0 0 0 0
bct 31 36 0 0 0 0 0 0 0
bct 31 37 0 0 0 0 0 0 0
bct 31 38 0 1 1 1 0 0 0
bct 31 39 0 1 0 1 0 0 1
bct 31 40 0 0 0 0 2 1 0
bct 31 41 0 0 0 0 0 0 0
bct 31 42 0 0 0 0 0 0 0
bct 31 43 0 0 0 0 0 0 0
bct 31 44 0 0 0 0 0 0 0
bct 31 45 0 0 0 0 0 0 0
bct 31 46 0 0 0 0 0 0 0
bct 31 47 0 0 0 0 0 0 0
bct 31 48 0 0 0 0 0 0 0
bct 31 49 1 1 1 0 0 0 0
bct 32 0 0 0 0 0 0 0 0
bct 32 1 0 0 0 0 0 0 0
bct 32 2 0 0 0 0 0 0 0
bct 32 3 0 0 0 0 0 0 0
bct 32 4 0 0 0 0 0 0 0
bct 32 5 0 0 0 0 0 0 0
bct 32 6 0 0 0 0 0 0 0
bct 32 7 0 0 0 0 0 0 0
bct 32 8 0 0 0 0 0 0 0
bct 32 9 0 0 0 1 1 0 1
bct 32 10 2 0 0 0 1 0 0
bct 32 11 0 1 0 0 1 0 1
bct 32 12 0 0 0 0 0 0 0
bct 32 13 0 0 0 0 0 0 0
bct 32 14 0 1 0 2 0 0 0
bct 32 15 0 0 0 0 0 0 0
bct 32 16 0 0 0 0 0 0 0
bct 32 17 0 0 0 0 0 0 0
bct 32 18 2 0 0 0 1 0 0
bct 32 19 0 0 0 2 0 0 1
bct 32 20 0 0 0 0 0 0 0
bct 32 21 0 0 0 0 0 0 0
bct 32 22 0 0 0 0 0 0 0
bct 32 23 0 0 0 0 0 0 0
bct 32 24 0 0 0 0 0 0 0
bct 32 25 0 0 0 0 1 0 2
bct 32 26 0 0 0 0 0 0 0
bct 32 27 0 0 0 0 0 0 0
bct 32 28 0 0 1 0 1 0 1
bct 32 29 0 0 0 0 0 0 0
bct 32 30 0 0 0 0 0 0 0
bct 32 31 1 0 0 1 0 0 1
bct 32 32 0 0 0 0 0 0 0
bct 32 33 0 0 0 0 0 0 0
bct 32 34 0 0 0 0 0 0 0
bct 32 35 1 0 1 0 0 0 1
bct 32 36 0 0 0 0 0 0 0
bct 32 37 0 0 1 0 0 0 2
bct 32 38 0 0 0 0 0 0 0
bct 32 39 0 0 0 0 0 0 0
bct 32 40 0 0 0 0 0 0 0
bct 32 41 0 0 0 0 0 0 0
bct 32 42 0 1 0 0 1 0 1
bct 32 43 0 0 0 0 0 0 0
bct 32 44 0 0 0 0 0 0 0
bct 32 45 0 0 0 0 0 0 0
bct 32 46 0 0 0 0 0 0 0
bct 32 47 0 0 2 0 0 0 1
bct 32 48 0 0 0 0 0 0 0
bct 32 49 0 0 0 0 0 0 0
bct 33 0 0 0 0 0 0 0 0
bct 33 1 0 0 0 0 0 0 0
bct 33 2 0 0 0 0 0 0 0
bct 33 3 0 0 0 0 2 1 0
bct 33 4 0 0 0 0 0 0 0
bct 33 5 0 0 0 0 0 0 0
bct 33 6 0 0 0 1 0 1 1
bct 33 7 1 1 0 0 1 0 0
bct 33 8 0 0 1 0 0 2 0
bct 33 9 0 0 0 0 0 0 0
bct 33 10 0 0 0 0 0 0 0
bct 33 11 1 0 0 0 0 0 2
bct 33 12 1 0 1 0 0 0 1
bct 33 13 0 0 1 0 1 1 0
bct 33 14 0 0 0 0 0 0 0
bct 33 15 0 0 0 0 0 0 0
bct 33 16 0 0 0 0 0 0 0
bct 33 17 0 0 0 0 0 0 0
bct 33 18 0 0 0 0 0 0 0
bct 33 19 0 0 0 0 0 0 0
bct 33 20 0 0 0 0 0 0 0
bct 33 21 0 0 0 0 0 0 0
bct 33 22 0 0 0 0 0 0 0
bct 33 23 1 0 0 1 0 0 1
bct 33 24 0 0 0 0 0 0 0
bct 33 25 0 0 0 0 0 0 0
bct 33 26 0 0 0 0 0 0 0
bct 33 27 0 0 0 0 0 0 0
bct 33 28 0 1 2 0 0 0 0
bct 33 29 0 0 0 0 0 0 0
bct 33 30 0 0 0 0 0 0 0
bct 33 31 0 0 0 0 0 0 0
bct 33 32 0 0 0 0 0 0 0
bct 33 33 0 0 0 0 0 0 0
bct 33 34 0 1 1 1 0 0 0
bct 33 35 0 0 1 0 0 1 1
bct 33 36 0 0 0 0 0 0 0
bct 33 37 0 0 0 0 0 0 0
bct 33 38 0 0 0 0 0 0 0
bct 33 39 1 0 1 0 0 1 0
bct 33 40 0 0 1 0 0 2 0
bct 33 41 0 0 0 0 2 1 0
bct 33 42 0 0 0 1 0 1 1
bct 33 43 0 0 0 0 0 0 0
bct 33 44 0 0 0 0 1 2 0
bct 33 45 0 0 0 0 0 0 0
bct 33 46 0 0 0 0 0 0 0
bct 33 47 0 0 0 0 0 0 0
bct 33 48 1 0 0 1 0 1 0
bct 33 49 0 0 0 0 0 0 0
bct 34 0 0 0 0 0 0 0 0
bct 34 1 0 0 0 0 0 0 0
bct 34 2 0 0 0 0 0 0 0
bct 34 3 1 0 0 0 0 1 1
bct 34 4 0 0 0 0 0 0 0
bct 34 5 0 0 0 0 0 0 0
bct 34 6 0 0 1 0 0 0 2
bct 34 7 0 0 0 0 0 0 0
bct 34 8 1 1 1 0 0 0 0
bct 34 9 0 0 0 0 0 0 0
bct 34 10 0 0 0 0 0 0 0
bct 34 11 0 0 0 0 0 0 0
bct 34 12 0 0 0 0 0 0 0
bct 34 13 1 0 0 1 1 0 0
bct 34 14 0 0 0 0 0 0 0
bct 34 15 0 0 0 0 0 0 0
bct 34 16 1 1 1 0 0 0 0
bct 34 17 0 0 0 0 0 0 0
bct 34 18 0 0 1 0 1 0 1
bct 34 19 0 0 0 0 0 0 0
bct 34 20 1 0 0 0 0 1 1
bct 34 21 0 0 0 0 0 0 0
bct 34 22 1 1 0 0 0 0 1
bct 34 23 0 0 0 0 0 0 0
bct 34 24 0 0 0 0 0 0 0
bct 34 25 0 1 1 0 0 1 0
bct 34 26 0 0 0 0 0 0 0
bct 34 27 0 0 0 0 0 0 0
bct 34 28 0 0 0 0 0 0 0
bct 34 29 0 1 1 0 0 1 0
bct 34 30 0 0 0 0 0 0 0
bct 34 31 0 0 0 0 0 0 0
bct 34 32 0 0 0 0 0 0 0
bct 34 33 0 0 0 0 0 0 0
bct 34 34 0 0 0 1 0 1 1
bct 34 35 0 0 1 0 1 1 0
bct 34 36 0 0 0 1 1 0 1
bct 34 37 1 2 0 0 0 0 0
bct 34 38 0 0 0 0 0 0 0
bct 34 39 2 0 0 0 0 1 0
bct 34 40 1 0 0 1 0 1 0
bct 34 41 1 1 0 0 0 0 1
bct 34 42 0 0 0 0 0 0 0
bct 34 43 0 0 0 0 0 0 0
bct 34 44 0 0 0 0 0 0 0
bct 34 45 0 0 0 0 0 0 0
bct 34 46 0 0 0 0 0 0 0
bct 34 47 1 0 0 2 0 0 0
bct 34 48 0 0 0 2 0 0 1
bct 34 49 1 1 0 1 0 0 0
bct 35 0 0 0 0 0 0 0 0
bct 35 1 0 0 1 1 1 0 0
bct 35 2 1 0 2 0 0 0 0
bct 35 3 0 0 0 0 0 0 0
bct 35 4 0 0 0 0 0 0 0
bct 35 5 0 0 0 0 0 0 0
bct 35 6 0 0 0 0 0 0 0
bct 35 7 0 0 0 0 0 0 0
bct 35 8 1 1 0 0 1 0 0
bct 35 9 0 0 0 0 0 0 0
bct 35 10 0 0 1 0 0 1 1
bct 35 11 0 0 0 0 0 0 0
bct 35 12 1 0 1 0 0 1 0
bct 35 13 0 0 0 0 0 0 0
bct 35 14 0 0 1 0 0 2 0
bct 35 15 0 0 0 0 0 0 0
bct 35 16 0 0 0 0 0 0 0
bct 35 17 0 0 0 0 0 0 0
bct 35 18 0 0 0 0 0 0 0
bct 35 19 0 0 0 0 0 0 0
bct 35 20 0 1 1 1 0 0 0
bct 35 21 0 0 0 0 0 0 0
bct 35 22 0 2 0 0 0 1 0
bct 35 23 0 0 0 0 0 0 0
bct 35 24 0 1 0 2 0 0 0
bct 35 25 1 0 0 1 0 0 1
bct 35 26 0 0 0 0 0 0 0
bct 35 27 0 0 0 0 0 0 0
bct 35 28 0 2 0 0 0 0 1
bct 35 29 0 0 1 0 0 0 2
bct 35 30 0 0 0 0 0 2 1
bct 35 31 0 0 0 0 0 0 0
bct 35 32 0 0 0 0 0 0 0
bct 35 33 0 1 0 0 1 0 1
bct 35 34 0 0 0 0 0 0 0
bct 35 35 2 0 0 0 1 0 0
bct 35 36 0 0 0 0 0 0 0
bct 35 37 0 0 0 0 0 0 0
bct 35 38 0 0 0 0 0 0 0
bct 35 39 0 0 0 0 0 0 0
bct 35 40 0 0 0 0 0 0 0
bct 35 41 0 0 0 0 0 0 0
bct 35 42 0 0 0 0 0 0 0
bct 35 43 0 0 0 0 0 0 0
bct 35 44 1 0 0 0 1 1 0
bct 35 45 0 0 0 0 0 0 0
bct 35 46 0 0 0 0 0 0 0
bct 35 47 0 0 0 0 0 0 0
bct 35 48 1 1 1 0 0 0 0
bct 35 49 0 0 0 0 0 0 0
bct 36 0 0 0 0 0 0 0 0
bct 36 1 0 0 0 0 0 0 0
bct 36 2 0 0 0 0 0 0 0
bct 36 3 0 0 0 0 0 0 0
bct 36 4 0 0 0 0 0 0 0
bct 36 5 0 0 0 0 0 0 0
bct 36 6 0 0 0 0 0 0 0
bct 36 7 0 0 0 0 0 0 0
bct 36 8 0 0 0 0 0 0 0
bct 36 9 0 0 1 0 1 1 0
bct 36 10 0 0 0 0 0 0 0
bct 36 11 0 0 1 1 1 0 0
bct 36 12 0 0 0 0 0 0 0
bct 36 13 0 0 0 0 0 0 0
bct 36 14 0 0 0 0 0 0 0
bct 36 15 0 0 1 1 0 1 0
bct 36 16 0 0 0 0 0 0 0
bct 36 17 0 0 0 0 0 0 0
bct 36 18 0 0 0 0 0 0 0
bct 36 19 0 1 0 1 0 0 1
bct 36 20 0 1 0 0 1 0 1
bct 36 21 1 0 0 0 1 0 1
bct 36 22 0 0 0 0 0 0 0
bct 36 23 1 0 1 1 0 0 0
bct 36 24 0 0 0 0 0 0 0
bct 36 25 0 0 0 0 0 0 0
bct 36 26 0 0 0 0 0 0 0
bct 36 27 1 0 0 1 0 0 1
bct 36 28 0 0 0 0 0 0 0
bct 36 29 0 0 0 0 0 0 0
bct 36 30 0 0 0 0 0 0 0
bct 36 31 0 0 0 0 0 0 0
bct 36 32 0 0 0 0 0 0 0
bct 36 33 0 0 0 0 0 0 0
bct 36 34 0 0 0 0 0 0 0
bct 36 35 0 0 0 0 0 0 0
bct 36 36 0 0 0 0 0 0 0
bct 36 37 0 0 0 0 0 0 0
bct 36 38 0 0 0 0 0 0 0
bct 36 39 0 1 1 0 0 1 0
bct 36 40 0 0 2 0 1 0 0
bct 36 41 0 0 0 0 0 0 0
bct 36 42 0 2 0 0 0 1 0
bct 36 43 0 0 0 0 0 0 0
bct 36 44 0 0 0 0 0 0 0
bct 36 45 0 0 0 0 0 0 0
bct 36 46 0 0 1 0 0 0 2
bct 36 47 0 0 1 0 0 0 2
bct 36 48 0 0 0 0 0 0 0
bct 36 49 0 0 0 0 0 0 0
bct 37 0 1 0 0 1 0 0 1
bct 37 1 0 0 1 0 2 0 0
bct 37 2 0 0 0 1 2 0 0
bct 37 3 0 0 0 0 0 0 0
bct 37 4 0 0 1 0 2 0 0
bct 37 5 0 0 0 0 0 0 0
bct 37 6 0 0 0 0 0 0 0
bct 37 7 0 0 0 0 0 0 0
bct 37 8 0 0 0 0 0 0 0
bct 37 9 0 0 0 0 0 0 0
bct 37 10 1 0 0 0 1 0 1
bct 37 11 0 0 0 0 0 0 0
bct 37 12 0 0 0 0 0 0 0
bct 37 13 0 0 0 1 1 0 1
bct 37 14 0 0 0 0 0 0 0
bct 37 15 0 0 0 0 0 0 0
bct 37 16 0 0 0 0 0 0 0
bct 37 17 0 0 0 0 0 0 0
bct 37 18 0 1 1 0 0 1 0
bct 37 19 0 0 0 0 0 0 0
bct 37 20 1 0 1 0 0 1 0
bct 37 21 0 0 0 0 0 0 0
bct 37 22 0 0 0 0 0 0 0
bct 37 23 0 0 0 0 0 0 0
bct 37 24 0 0 1 1 1 0 0
bct 37 25 1 0 1 0 0 0 1
bct 37 26 0 0 1 1 0 0 1
bct 37 27 1 0 0 0 1 0 1
bct 37 28 0 0 0 0 0 0 0
bct 37 29 0 0 0 0 0 0 0
bct 37 30 0 0 0 0 1 2 0
bct 37 31 0 0 0 0 0 0 0
bct 37 32 0 0 0 0 0 0 0
bct 37 33 1 1 0 0 1 0 0
bct 37 34 0 0 0 0 0 0 0
bct 37 35 0 0 0 0 0 0 0
bct 37 36 0 0 1 1 0 0 1
bct 37 37 0 0 0 0 0 0 0
bct 37 38 0 0 0 0 0 0 0
bct 37 39 0 1 0 1 1 0 0
bct 37 40 0 0 0 2 1 0 0
bct 37 41 0 0 0 0 0 0 0
bct 37 42 0 0 0 0 0 0 0
bct 37 43 0 1 0 0 0 1 1
bct 37 44 0 0 0 0 0 0 0
bct 37 45 0 0 0 3 0 0 0
bct 37 46 0 0 0 2 0 0 1
bct 37 47 0 1 0 0 2 0 0
bct 37 48 0 0 0 0 0 0 0
bct 37 49 0 0 0 0 0 0 0
bct 38 0 0 0 0 0 0 0 0
bct 38 1 0 1 0 0 1 0 1
bct 38 2 0 0 0 0 0 0 0
bct 38 3 0 0 0 0 0 0 0
bct 38 4 0 0 0 0 0 0 0
bct 38 5 0 1 0 1 0 0 1
bct 38 6 0 0 0 0 0 0 0
bct 38 7 0 0 0 0 0 0 0
bct 38 8 0 0 0 0 0 0 0
bct 38 9 1 0 0 0 2 0 0
bct 38 10 0 0 0 0 0 0 0
bct 38 11 0 0 0 0 0 0 0
bct 38 12 0 0 0 0 0 0 0
bct 38 13 0 0 0 0 0 0 0
bct 38 14 0 0 0 0 0 0 0
bct 38 15 0 0 0 0 0 0 3
bct 38 16 0 0 1 0 1 1 0
bct 38 17 0 0 0 0 0 0 0
bct 38 18 1 0 0 0 0 2 0
bct 38 19 0 0 0 0 0 0 0
bct 38 20 1 1 0 0 1 0 0
bct 38 21 0 0 0 0 0 0 0
bct 38 22 0 0 0 0 0 0 0
bct 38 23 0 0 0 0 0 0 0
bct 38 24 0 0 0 0 0 0 0
bct 38 25 0 0 0 0 0 0 0
bct 38 26 0 1 0 1 0 1 0
bct 38 27 0 0 0 0 0 0 0
bct 38 28 0 0 0 0 0 0 0
bct 38 29 0 0 0 0 0 0 0
bct 38 30 0 0 0 0 0 0 0
bct 38 31 0 0 0 0 0 0 0
bct 38 32 1 0 0 1 0 1 0
bct 38 33 0 0 0 0 0 0 0
bct 38 34 0 0 0 0 0 0 0
bct 38 35 0 0 0 0 0 0 0
bct 38 36 0 0 0 0 0 0 0
bct 38 37 0 0 0 0 0 0 0
bct 38 38 0 0 0 0 0 0 0
bct 38 39 1 0 0 1 1 0 0
bct 38 40 0 0 2 1 0 0 0
bct 38 41 0 0 0 0 0 0 0
bct 38 42 0 0 0 0 0 0 0
bct 38 43 0 0 0 0 0 0 0
bct 38 44 0 0 0 0 0 0 0
bct 38 45 1 0 1 0 0 1 0
bct 38 46 0 0 0 0 0 0 0
bct 38 47 0 0 0 0 0 0 0
bct 38 48 0 0 0 0 0 0 0
bct 38 49 0 0 0 0 0 0 0
bct 39 0 0 0 0 0 0 0 0
bct 39 1 1 1 1 0 0 0 0
bct 39 2 1 0 0 0 2 0 0
bct 39 3 0 0 0 0 0 0 0
bct 39 4 0 0 0 0 0 0 0
bct 39 5 0 0 1 0 1 0 1
bct 39 6 1 1 0 0 0 0 1
bct 39 7 0 0 0 0 0 0 0
bct 39 8 0 0 0 0 0 0 0
bct 39 9 0 0 0 0 0 0 0
bct 39 10 0 0 0 0 0 0 0
bct 39 11 0 0 0 0 2 0 1
bct 39 12 0 0 0 0 0 0 0
bct 39 13 0 0 0 0 0 0 0
bct 39 14 0 0 0 0 0 0 0
bct 39 15 0 1 2 0 0 0 0
bct 39 16 0 2 0 0 0 1 0
bct 39 17 0 0 0 0 0 0 0
bct 39 18 0 0 0 0 0 0 0
bct 39 19 0 0 0 0 0 0 0
bct 39 20 0 0 0 0 0 0 0
bct 39 21 0 0 0 0 0 0 0
bct 39 22 0 0 0 0 0 0 0
bct 39 23 0 1 1 0 1 0 0
bct 39 24 0 1 0 0 1 1 0
bct 39 25 0 1 0 0 0 0 2
bct 39 26 0 0 0 0 0 0 0
bct 39 27 0 2 0 0 0 1 0
bct 39 28 0 2 0 0 1 0 0
bct 39 29 0 0 0 0 0 0 0
bct 39 30 0 0 0 0 0 0 0
bct 39 31 0 0 0 0 0 0 0
bct 39 32 0 0 0 1 0 1 1
bct 39 33 0 0 0 0 0 0 0
bct 39 34 0 0 1 0 1 0 1
bct 39 35 0 0 0 0 0 0 0
bct 39 36 0 0 0 0 0 0 0
bct 39 37 0 1 0 1 0 1 0
bct 39 38 0 0 0 0 0 0 0
bct 39 39 0 0 0 0 0 0 0
bct 39 40 0 0 0 0 0 0 0
bct 39 41 0 0 0 0 0 0 0
bct 39 42 0 1 0 0 0 1 1
bct 39 43 0 0 0 0 0 0 0
bct 39 44 0 0 0 0 0 0 0
bct 39 45 0 0 0 0 0 0 0
bct 39 46 0 0 0 0 0 0 0
bct 39 47 0 0 0 0 1 2 0
bct 39 48 0 0 0 1 1 1 0
bct 39 49 0 0 0 0 0 0 0
bct 40 0 0 0 0 0 0 0 0
bct 40 1 0 0 0 0 0 0 0
bct 40 2 0 0 1 0 0 2 0
bct 40 3 0 0 0 0 0 0 0
bct 40 4 0 0 0 1 0 2 0
bct 40 5 0 0 2 0 0 0 1
bct 40 6 0 0 0 0 0 0 0
bct 40 7 0 0 0 0 0 0 3
bct 40 8 0 0 0 0 0 0 0
bct 40 9 0 0 2 0 0 0 1
bct 40 10 0 0 0 0 0 0 0
bct 40 11 1 1 0 0 0 1 0
bct 40 12 0 0 0 0 0 0 0
bct 40 13 0 0 0 0 0 0 0
bct 40 14 0 0 0 0 0 0 0
bct 40 15 0 0 0 0 0 0 0
bct 40 16 0 0 0 0 0 0 0
bct 40 17 0 0 0 0 0 1 2
bct 40 18 0 0 0 0 0 0 0
bct 40 19 0 0 0 0 0 0 0
bct 40 20 0 0 0 0 0 0 0
bct 40 21 0 0 0 0 0 0 0
bct 40 22 1 1 0 0 0 1 0
bct 40 23 1 1 0 0 1 0 0
bct 40 24 0 0 0 0 0 0 0
bct 40 25 0 0 0 0 0 0 0
bct 40 26 0 0 0 0 0 0 0
bct 40 27 0 0 1 1 0 0 1
bct 40 28 0 0 0 0 0 0 0
bct 40 29 0 0 0 1 0 1 1
bct 40 30 0 1 0 1 0 0 1
bct 40 31 0 0 0 0 0 0 0
bct 40 32 0 0 0 0 0 0 0
bct 40 33 0 0 0 0 0 0 0
bct 40 34 0 0 0 0 2 1 0
bct 40 35 0 0 0 0 0 0 0
bct 40 36 0 0 0 0 0 0 0
bct 40 37 0 0 0 0 0 0 0
bct 40 38 0 0 0 0 0 0 0
bct 40 39 0 0 2 0 1 0 0
bct 40 40 0 0 0 0 0 0 0
bct 40 41 0 0 0 0 0 0 0
bct 40 42 0 0 0 0 0 0 0
bct 40 43 0 0 0 0 0 0 0
bct 40 44 0 1 0 0 0 1 1
bct 40 45 0 0 0 0 0 0 0
bct 40 46 1 0 0 1 1 0 0
bct 40 47 1 0 0 0 1 1 0
bct 40 48 0 0 0 0 1 1 1
bct 40 49 0 0 0 0 0 0 0
bct 41 0 0 0 0 0 0 0 0
bct 41 1 0 0 0 0 0 0 0
bct 41 2 0 0 0 0 0 0 0
bct 41 3 0 0 0 0 0 0 0
bct 41 4 0 0 0 0 0 0 0
bct 41 5 0 0 0 0 0 0 0
bct 41 6 1 0 0 1 1 0 0
bct 41 7 0 0 0 0 0 0 0
bct 41 8 0 0 0 0 0 0 0
bct 41 9 0 0 0 0 0 0 0
bct 41 10 0 0 0 0 0 0 0
bct 41 11 0 1 0 0 0 2 0
bct 41 12 0 1 0 0 0 0 2
bct 41 13 0 0 0 0 0 0 0
bct 41 14 0 0 0 0 0 0 0
bct 41 15 1 0 0 2 0 0 0
bct 41 16 0 0 0 0 0 0 0
bct 41 17 0 0 0 0 0 0 0
bct 41 18 0 0 0 0 0 0 0
bct 41 19 0 1 1 1 0 0 0
bct 41 20 0 0 0 0 0 0 0
bct 41 21 0 0 0 0 0 0 0
bct 41 22 1 1 1 0 0 0 0
bct 41 23 0 0 0 1 1 0 1
bct 41 24 0 1 0 0 0 1 1
bct 41 25 0 1 0 2 0 0 0
bct 41 26 0 0 0 0 0 0 0
bct 41 27 0 0 2 1 0 0 0
bct 41 28 0 0 0 0 0 0 0
bct 41 29 0 0 0 0 0 0 0
bct 41 30 0 0 1 1 1 0 0
bct 41 31 0 0 0 0 0 0 0
bct 41 32 0 1 1 0 0 1 0
bct 41 33 0 0 0 0 0 0 0
bct 41 34 0 0 0 0 0 0 0
bct 41 35 0 0 0 0 0 0 0
bct 41 36 0 0 0 0 0 0 0
bct 41 37 0 0 0 0 2 0 1
bct 41 38 0 0 0 0 0 0 0
bct 41 39 0 0 0 0 0 0 0
bct 41 40 0 0 0 0 0 0 0
bct 41 41 0 0 0 0 0 0 0
bct 41 42 0 0 0 0 0 0 0
bct 41 43 0 0 0 0 0 0 0
bct 41 44 0 0 0 0 0 0 0
bct 41 45 0 0 0 0 0 0 0
bct 41 46 0 1 1 0 1 0 0
bct 41 47 0 0 0 0 0 0 0
bct 41 48 0 0 0 0 0 0 0
bct 41 49 0 0 0 0 0 0 0
bct 42 0 0 0 0 0 0 0 0
bct 42 1 0 0 0 0 0 0 0
bct 42 2 0 0 0 0 0 0 0
bct 42 3 1 1 0 0 0 1 0
bct 42 4 1 0 0 0 1 1 0
bct 42 5 0 1 2 0 0 0 0
bct 42 6 0 0 0 0 0 0 0
bct 42 7 0 0 0 0 0 0 0
bct 42 8 0 0 0 0 0 0 0
bct 42 9 0 0 0 0 0 0 0
bct 42 10 0 0 0 0 0 0 0
bct 42 11 2 0 0 0 0 0 1
bct 42 12 1 0 2 0 0 0 0
bct 42 13 1 1 0 0 0 1 0
bct 42 14 0 0 0 0 0 0 0
bct 42 15 0 0 0 0 0 0 0
bct 42 16 0 0 0 0 0 0 0
bct 42 17 0 0 0 0 0 0 0
bct 42 18 0 0 0 0 0 0 0
bct 42 19 0 0 0 0 0 0 0
bct 42 20 0 0 0 1 1 1 0
bct 42 21 0 0 0 0 0 0 0
bct 42 22 0 0 1 1 0 1 0
bct 42 23 0 1 0 1 1 0 0
bct 42 24 0 0 0 0 0 0 0
bct 42 25 0 0 0 0 0 0 0
bct 42 26 0 0 0 0 0 0 0
bct 42 27 0 0 0 0 0 0 0
bct 42 28 0 0 0 0 0 0 0
bct 42 29 0 0 0 0 0 0 0
bct 42 30 0 0 0 0 0 0 0
bct 42 31 0 1 0 1 0 0 1
bct 42 32 0 0 0 0 0 0 0
bct 42 33 0 0 0 0 0 0 0
bct 42 34 0 0 0 0 0 0 0
bct 42 35 0 0 0 0 0 0 0
bct 42 36 0 1 1 0 0 0 1
bct 42 37 0 0 0 0 0 0 0
bct 42 38 0 1 1 0 1 0 0
bct 42 39 0 0 0 0 0 0 0
bct 42 40 0 0 0 0 0 0 0
bct 42 41 0 0 0 0 0 0 0
bct 42 42 0 0 0 1 0 2 0
bct 42 43 0 0 0 0 0 0 0
bct 42 44 0 0 0 0 0 0 0
bct 42 45 0 0 0 0 0 0 0
bct 42 46 1 0 0 0 0 2 0
bct 42 47 0 0 1 1 0 1 0
bct 42 48 0 0 0 0 0 0 0
bct 42 49 0 0 0 0 0 0 0
bct 43 0 0 0 0 0 0 0 0
bct 43 1 1 0 0 0 1 0 1
bct 43 2 0 0 0 0 0 0 0
bct 43 3 0 0 0 0 0 0 0
bct 43 4 0 0 0 2 0 1 0
bct 43 5 0 0 2 1 0 0 0
bct 43 6 0 0 0 0 0 0 0
bct 43 7 0 0 0 0 0 0 0
bct 43 8 1 1 0 0 0 1 0
bct 43 9 0 0 0 0 0 0 0
bct 43 10 0 0 0 0 0 0 0
bct 43 11 0 0 0 0 0 0 0
bct 43 12 0 0 0 0 0 0 0
bct 43 13 0 0 0 0 0 0 0
bct 43 14 0 1 0 1 0 0 1
bct 43 15 0 0 0 0 0 0 0
bct 43 16 0 0 0 0 0 0 0
bct 43 17 0 0 0 0 0 0 0
bct 43 18 1 0 0 1 0 1 0
bct 43 19 0 0 0 0 0 0 0
bct 43 20 0 0 0 0 0 0 0
bct 43 21 0 0 0 0 0 0 0
bct 43 22 0 0 0 0 0 0 0
bct 43 23 0 1 0 0 1 1 0
bct 43 24 0 0 0 0 0 0 0
bct 43 25 0 0 0 2 0 1 0
bct 43 26 0 2 0 0 1 0 0
bct 43 27 0 0 0 0 0 0 0
bct 43 28 0 0 0 0 0 0 0
bct 43 29 0 0 0 0 0 0 0
bct 43 30 0 1 1 0 1 0 0
bct 43 31 0 1 0 1 0 1 0
bct 43 32 0 0 0 0 0 0 0
bct 43 33 0 0 0 0 0 0 0
bct 43 34 0 0 0 0 0 0 0
bct 43 35 0 0 0 0 0 0 0
bct 43 36 0 1 1 0 1 0 0
bct 43 37 0 0 0 0 0 0 0
bct 43 38 0 0 0 0 0 0 0
bct 43 39 0 0 0 0 0 0 0
bct 43 40 0 0 0 0 0 0 0
bct 43 41 1 1 1 0 0 0 0
bct 43 42 1 0 1 1 0 0 0
bct 43 43 0 0 0 0 0 0 0
bct 43 44 0 0 0 1 1 0 1
bct 43 45 0 0 0 0 0 0 0
bct 43 46 0 0 0 0 0 0 0
bct 43 47 0 0 0 1 1 1 0
bct 43 48 0 0 0 0 0 0 0
bct 43 49 0 1 0 0 1 0 1
bct 44 0 0 0 1 0 1 0 1
bct 44 1 0 0 0 0 0 1 2
bct 44 2 1 0 2 0 0 0 0
bct 44 3 0 0 0 0 0 0 0
bct 44 4 0 1 1 1 0 0 0
bct 44 5 0 0 0 0 0 0 0
bct 44 6 0 0 0 0 0 0 0
bct 44 7 0 1 1 0 1 0 0
bct 44 8 0 0 0 0 0 0 0
bct 44 9 2 0 0 0 1 0 0
bct 44 10 0 0 0 0 0 0 0
bct 44 11 1 0 0 1 0 1 0
bct 44 12 0 0 0 0 0 0 0
bct 44 13 0 0 0 0 0 0 0
bct 44 14 0 0 1 0 1 1 0
bct 44 15 0 0 0 0 0 0 0
bct 44 16 1 1 0 0 0 0 1
bct 44 17 1 0 1 0 1 0 0
bct 44 18 0 0 0 0 0 0 0
bct 44 19 0 0 0 0 0 0 0
bct 44 20 0 0 1 0 0 2 0
bct 44 21 0 0 1 1 0 0 1
bct 44 22 1 0 1 0 0 1 0
bct 44 23 1 1 0 0 0 0 1
bct 44 24 0 0 0 0 0 0 0
bct 44 25 0 0 0 0 0 0 0
bct 44 26 0 0 0 0 0 0 0
bct 44 27 0 0 0 0 0 0 0
bct 44 28 0 0 0 0 0 0 0
bct 44 29 0 0 0 0 0 0 0
bct 44 30 0 0 0 0 0 0 0
bct 44 31 0 0 0 0 0 0 0
bct 44 32 1 1 0 0 0 0 1
bct 44 33 0 0 0 0 0 0 0
bct 44 34 0 0 0 0 0 0 0
bct 44 35 0 0 0 0 0 0 0
bct 44 36 0 0 0 0 0 0 0
bct 44 37 0 0 0 0 0 0 0
bct 44 38 0 0 0 0 0 0 0
bct 44 39 2 0 0 0 1 0 0
bct 44 40 0 0 0 0 0 0 0
bct 44 41 0 0 0 0 0 0 0
bct 44 42 0 0 0 0 0 0 0
bct 44 43 0 0 0 0 0 0 0
bct 44 44 0 0 1 0 1 0 1
bct 44 45 0 0 0 0 0 0 0
bct 44 46 0 0 0 0 0 0 0
bct 44 47 0 0 0 0 0 0 0
bct 44 48 0 0 0 0 0 0 0
bct 44 49 0 0 0 0 0 0 0
bct 45 0 0 1 0 1 0 0 1
bct 45 1 0 0 0 0 0 0 0
bct 45 2 0 0 0 0 0 0 0
bct 45 3 0 0 0 0 0 0 0
bct 45 4 0 0 0 0 0 0 0
bct 45 5 0 0 0 0 0 0 0
bct 45 6 0 0 0 0 2 1 0
bct 45 7 0 0 0 0 0 0 0
bct 45 8 0 0 0 0 0 0 0
bct 45 9 2 1 0 0 0 0 0
bct 45 10 0 0 0 1 2 0 0
bct 45 11 0 0 0 0 0 0 0
bct 45 12 0 0 0 0 0 0 0
bct 45 13 0 0 0 0 0 0 0
bct 45 14 0 0 0 0 0 0 0
bct 45 15 0 1 0 0 2 0 0
bct 45 16 0 2 1 0 0 0 0
bct 45 17 0 0 0 0 0 0 0
bct 45 18 0 0 0 0 0 0 0
bct 45 19 0 0 0 0 0 0 0
bct 45 20 0 1 0 0 1 0 1
bct 45 21 0 1 1 0 0 0 1
bct 45 22 0 0 0 0 0 0 0
bct 45 23 0 0 0 0 0 0 0
bct 45 24 0 0 0 0 0 0 0
bct 45 25 0 0 0 0 0 0 0
bct 45 26 0 0 0 2 0 1 0
bct 45 27 0 0 0 0 0 0 0
bct 45 28 0 1 0 1 0 1 0
bct 45 29 0 0 0 0 0 0 0
bct 45 30 0 0 0 0 0 0 0
bct 45 31 0 0 0 0 0 0 0
bct 45 32 0 0 0 0 0 0 0
bct 45 33 0 0 0 0 0 0 0
bct 45 34 0 1 0 0 1 0 1
bct 45 35 0 0 0 0 0 0 0
bct 45 36 0 0 0 0 0 0 0
bct 45 37 0 0 0 0 0 0 0
bct 45 38 1 1 1 0 0 0 0
bct 45 39 0 1 1 1 0 0 0
bct 45 40 0 0 0 0 0 0 0
bct 45 41 0 1 1 0 1 0 0
bct 45 42 0 0 0 0 0 0 0
bct 45 43 0 0 0 0 0 0 0
bct 45 44 0 0 0 0 0 0 0
bct 45 45 1 1 0 0 0 1 0
bct 45 46 0 0 0 0 0 0 0
bct 45 47 0 0 0 0 0 0 0
bct 45 48 0 0 0 0 0 0 0
bct 45 49 0 0 0 0 0 0 0
bct 46 0 0 0 0 0 0 0 0
bct 46 1 1 0 0 0 0 1 1
bct 46 2 0 0 0 0 0 0 0
bct 46 3 0 0 1 0 0 1 1
bct 46 4 0 0 0 0 0 0 0
bct 46 5 1 0 0 0 1 1 0
bct 46 6 0 0 0 0 0 0 0
bct 46 7 0 0 0 0 0 0 0
bct 46 8 0 2 0 0 1 0 0
bct 46 9 0 0 0 0 0 0 0
bct 46 10 0 0 0 0 0 0 0
bct 46 11 0 0 0 0 0 0 0
bct 46 12 1 0 1 0 0 0 1
bct 46 13 1 2 0 0 0 0 0
bct 46 14 0 0 0 0 0 0 0
bct 46 15 0 0 0 0 0 0 0
bct 46 16 0 1 1 1 0 0 0
bct 46 17 0 0 0 0 0 0 0
bct 46 18 0 0 0 0 0 0 0
bct 46 19 0 0 0 0 0 0 0
bct 46 20 0 0 0 0 0 0 0
bct 46 21 0 0 0 1 0 1 1
bct 46 22 0 0 0 0 0 0 0
bct 46 23 0 0 0 0 0 0 0
bct 46 24 0 0 0 0 0 0 0
bct 46 25 0 0 0 0 0 0 0
bct 46 26 0 0 0 0 0 0 0
bct 46 27 0 0 0 0 0 0 0
bct 46 28 0 1 0 0 0 0 2
bct 46 29 0 0 0 0 0 0 0
bct 46 30 0 0 0 1 0 2 0
bct 46 31 0 0 0 0 0 0 0
bct 46 32 0 0 0 0 0 0 0
bct 46 33 0 0 0 0 0 0 0
bct 46 34 1 0 1 0 0 0 1
bct 46 35 1 0 0 1 0 1 0
bct 46 36 0 0 0 0 0 0 0
bct 46 37 0 0 0 0 0 0 0
bct 46 38 0 0 0 0 0 0 0
bct 46 39 0 0 0 0 0 0 0
bct 46 40 0 0 0 0 0 0 0
bct 46 41 0 0 0 0 0 0 0
bct 46 42 2 0 0 1 0 0 0
bct 46 43 0 0 0 1 1 1 0
bct 46 44 1 0 0 0 0 0 2
bct 46 45 0 0 0 0 0 0 0
bct 46 46 0 0 0 0 0 0 0
bct 46 47 0 0 0 0 0 0 0
bct 46 48 0 0 0 0 0 0 0
bct 46 49 0 0 0 0 0 0 0
bct 47 0 0 0 0 0 0 0 0
bct 47 1 0 0 0 0 0 0 0
bct 47 2 0 0 0 0 0 0 0
bct 47 3 0 0 0 0 0 0 0
bct 47 4 0 0 0 0 0 0 0
bct 47 5 0 0 0 0 0 0 0
bct 47 6 0 0 0 0 0 0 0
bct 47 7 0 0 0 1 0 2 0
bct 47 8 0 0 0 0 0 0 0
bct 47 9 0 0 1 0 1 0 1
bct 47 10 1 0 1 0 0 1 0
bct 47 11 0 2 0 0 0 1 0
bct 47 12 0 0 0 0 0 2 1
bct 47 13 0 0 0 0 0 2 1
bct 47 14 0 0 0 0 0 0 0
bct 47 15 0 0 0 0 0 0 0
bct 47 16 0 0 0 0 2 0 1
bct 47 17 0 0 0 0 0 0 0
bct 47 18 0 0 0 0 0 0 0
bct 47 19 0 0 0 0 0 0 0
bct 47 20 0 0 0 0 0 0 0
bct 47 21 0 0 0 0 0 0 0
bct 47 22 0 0 0 0 0 0 0
bct 47 23 0 0 0 1 1 1 0
bct 47 24 0 0 0 0 0 0 0
bct 47 25 0 0 0 0 0 0 0
bct 47 26 0 0 0 0 0 0 0
bct 47 27 0 0 1 0 1 1 0
bct 47 28 0 0 0 0 0 0 0
bct 47 29 0 0 0 0 0 0 0
bct 47 30 0 1 0 0 1 1 0
bct 47 31 0 0 0 0 0 0 0
bct 47 32 0 1 0 1 0 1 0
bct 47 33 0 0 0 0 0 0 0
bct 47 34 0 0 0 0 0 0 0
bct 47 35 1 1 0 1 0 0 0
bct 47 36 0 0 0 0 0 0 0
bct 47 37 0 0 1 1 0 0 1
bct 47 38 0 0 0 0 0 2 1
bct 47 39 0 0 0 0 0 0 0
bct 47 40 0 0 0 0 0 0 0
bct 47 41 0 0 0 0 0 0 0
bct 47 42 1 0 1 0 0 1 0
bct 47 43 0 0 0 0 0 0 0
bct 47 44 0 0 0 0 0 0 0
bct 47 45 0 0 0 0 0 0 0
bct 47 46 2 0 0 0 0 1 0
bct 47 47 0 0 0 0 0 0 0
bct 47 48 0 0 0 0 0 0 0
bct 47 49 0 0 0 0 0 0 0
bct 48 0 0 0 0 0 0 0 0
bct 48 1 0 1 0 0 0 1 1
bct 48 2 0 0 0 0 0 0 0
bct 48 3 1 2 0 0 0 0 0
bct 48 4 0 0 0 0 0 0 0
bct 48 5 0 0 0 0 0 0 0
bct 48 6 0 0 0 0 0 0 0
bct 48 7 1 0 1 0 0 1 0
bct 48 8 0 0 0 0 0 0 0
bct 48 9 0 0 0 0 0 0 0
bct 48 10 0 0 0 0 0 0 0
bct 48 11 0 0 0 0 0 0 0
bct 48 12 0 0 0 0 0 0 0
bct 48 13 0 0 0 0 0 0 0
bct 48 14 0 2 0 0 0 0 1
bct 48 15 0 0 0 0 0 0 0
bct 48 16 0 0 0 0 0 0 0
bct 48 17 0 0 0 0 0 0 0
bct 48 18 0 0 0 0 0 0 0
bct 48 19 0 0 0 0 0 0 0
bct 48 20 0 1 1 0 0 0 1
bct 48 21 0 0 0 0 0 0 0
bct 48 22 0 0 0 0 0 0 0
bct 48 23 0 0 1 0 0 0 2
bct 48 24 0 0 0 0 0 0 0
bct 48 25 1 1 1 0 0 0 0
bct 48 26 0 0 1 2 0 0 0
bct 48 27 0 0 0 0 1 1 1
bct 48 28 0 0 0 0 0 0 0
bct 48 29 0 0 0 0 0 0 0
bct 48 30 0 0 1 0 2 0 0
bct 48 31 0 0 0 0 0 0 0
bct 48 32 0 0 0 0 0 0 0
bct 48 33 0 0 2 0 0 0 1
bct 48 34 0 0 0 0 0 0 0
bct 48 35 0 0 0 0 0 0 0
bct 48 36 0 0 0 0 0 0 0
bct 48 37 0 0 0 0 0 0 0
bct 48 38 0 0 0 0 0 0 0
bct 48 39 0 0 0 0 0 0 0
bct 48 40 0 0 0 0 0 0 0
bct 48 41 0 0 0 0 0 0 0
bct 48 42 1 2 0 0 0 0 0
bct 48 43 0 0 0 0 0 0 0
bct 48 44 0 2 0 1 0 0 0
bct 48 45 0 0 0 0 0 0 0
bct 48 46 0 0 0 0 0 0 0
bct 48 47 0 0 0 0 0 0 0
bct 48 48 0 1 0 1 0 1 0
bct 48 49 0 2 1 0 0 0 0
bct 49 0 0 0 0 1 1 0 1
bct 49 1 0 0 2 0 0 1 0
bct 49 2 0 0 0 0 0 0 0
bct 49 3 1 0 0 0 0 1 1
bct 49 4 0 0 0 0 0 0 0
bct 49 5 0 0 0 0 0 0 0
bct 49 6 0 1 1 0 0 0 1
bct 49 7 0 0 0 0 0 0 0
bct 49 8 0 0 0 0 0 0 0
bct 49 9 1 0 0 1 0 0 1
bct 49 10 0 0 0 0 0 0 0
bct 49 11 0 0 0 0 0 0 0
bct 49 12 0 0 0 0 0 0 0
bct 49 13 0 0 0 0 0 0 0
bct 49 14 0 0 0 0 0 0 0
bct 49 15 0 0 0 0 0 0 0
bct 49 16 0 0 0 0 0 0 0
bct 49 17 1 0 0 1 0 1 0
bct 49 18 1 0 0 0 0 1 1
bct 49 19 0 0 0 0 2 0 1
bct 49 20 0 0 0 0 0 0 0
bct 49 21 0 0 0 0 0 0 0
bct 49 22 0 0 0 0 0 0 0
bct 49 23 0 0 0 0 0 0 0
bct 49 24 0 0 0 0 0 0 0
bct 49 25 0 0 0 0 0 0 0
bct 49 26 1 0 0 2 0 0 0
bct 49 27 1 0 0 2 0 0 0
bct 49 28 0 0 0 0 0 0 0
bct 49 29 0 0 0 0 0 0 0
bct 49 30 0 1 0 1 0 1 0
bct 49 31 0 0 0 1 0 1 1
bct 49 32 0 2 0 0 0 0 1
bct 49 33 0 0 0 0 0 0 0
bct 49 34 0 0 0 0 0 0 0
bct 49 35 0 0 0 0 0 0 0
bct 49 36 0 0 0 0 2 0 1
bct 49 37 0 0 0 0 0 0 0
bct 49 38 0 0 0 0 0 0 0
bct 49 39 0 0 0 0 0 0 0
bct 49 40 0 0 0 0 0 0 0
bct 49 41 0 0 0 0 0 0 0
bct 49 42 0 1 0 0 2 0 0
bct 49 43 0 0 0 0 0 0 0
bct 49 44 1 0 1 0 0 0 1
bct 49 45 0 1 0 0 1 0 1
bct 49 46 0 0 0 0 0 0 0
bct 49 47 0 0 0 0 0 0 0
bct 49 48 0 0 0 0 0 0 0
bct 49 49 0 2 0 0 0 0 1
msz 50 50

bct 0 0 0 0 0 1 1 0 1
bct 0 1 0 0 0 0 0 0 0
bct 0 2 0 0 0 0 0 0 0
bct 0 3 0 0 0 0 0 0 0
bct 0 4 0 0 0 0 0 0 0
bct 0 5 0 0 0 0 0 0 0
bct 0 6 0 0 0 0 0 0 0
bct 0 7 0 0 0 0 0 0 0
bct 0 8 0 1 0 1 1 0 0
bct 0 9 1 0 1 0 1 0 0
bct 0 10 0 0 0 1 1 0 1
bct 0 11 2 0 0 1 0 0 0
bct 0 12 0 0 0 0 0 0 0
bct 0 13 0 2 0 0 0 1 0
bct 0 14 0 0 0 0 0 0 0
bct 0 15 0 0 0 0 0 0 0
bct 0 16 0 0 0 0 0 0 0
bct 0 17 0 0 0 0 0 0 0
bct 0 18 0 0 1 0 0 2 0
bct 0 19 0 0 0 0 0 0 0
bct 0 20 0 0 0 0 0 0 0
bct 0 21 1 0 0 1 1 0 0
bct 0 22 0 0 0 0 0 0 0
bct 0 23 0 0 0 0 0 0 0
bct 0 24 0 0 0 0 0 0 0
bct 0 25 0 0 0 0 0 0 0
bct 0 26 2 1 0 0 0 0 0
bct 0 27 2 0 0 0 0 0 1
bct 0 28 0 1 0 0 2 0 0
bct 0 29 0 0 0 0 0 0 0
bct 0 30 0 0 0 0 0 0 0
bct 0 31 0 0 0 0 0 0 0
bct 0 32 0 0 0 0 0 0 0
bct 0 33 0 0 0 0 0 0 0
bct 0 34 0 0 0 0 0 0 0
bct 0 35 0 0 0 0 0 0 0
bct 0 36 0 1 0 0 2 0 0
bct 0 37 0 0 0 0 0 0 3
bct 0 38 2 0 1 0 0 0 0
bct 0 39 0 0 0 0 0 0 0
bct 0 40 0 0 0 0 0 0 0
bct 0 41 0 1 0 0 2 0 0
bct 0 42 0 0 0 0 0 0 0
bct 0 43 0 0 0 0 0 0 0
bct 0 44 1 1 0 0 0 1 0
bct 0 45 0 0 0 0 0 0 0
bct 0 46 0 0 0 0 0 1 2
bct 0 47 0 1 0 0 0 0 2
bct 0 48 0 1 0 1 0 0 1
bct 0 49 0 0 1 1 1 0 0
bct 1 0 0 0 0 0 0 0 0
bct 1 1 0 0 0 0 0 0 0
bct 1 2 0 0 0 0 0 0 0
bct 1 3 0 0 0 0 0 0 0
bct 1 4 0 0 0 0 0 0 0
bct 1 5 0 0 0 0 0 0 0
bct 1 6 0 0 0 0 0 0 0
bct 1 7 0 0 0 0 0 0 0
bct 1 8 0 0 0 0 0 0 0
bct 1 9 0 0 0 0 0 0 0
bct 1 10 0 0 0 0 0 0 0
bct 1 11 0 0 0 0 0 0 0
bct 1 12 0 0 0 0 0 0 0
bct 1 13 0 0 0 0 0 0 0
bct 1 14 0 0 0 0 0 0 0
bct 1 15 0 1 0 1 0 0 1
bct 1 16 0 0 0 0 0 0 0
bct 1 17 0 0 0 0 0 0 0
bct 1 18 0 0 0 0 0 0 0
bct 1 19 0 0 0 0 0 0 0
bct 1 20 0 0 0 0 0 0 0
bct 1 21 0 0 0 0 0 0 0
bct 1 22 0 0 0 0 1 2 0
bct 1 23 0 0 2 0 0 1 0
bct 1 24 0 0 0 0 0 0 0
bct 1 25 0 2 0 0 0 0 1
bct 1 26 0 0 0 0 0 0 0
bct 1 27 0 0 0 0 0 0 0
bct 1 28 0 0 0 0 0 0 0
bct 1 29 0 0 0 0 0 0 0
bct 1 30 0 0 0 0 0 0 0
bct 1 31 0 0 0 0 0 0 0
bct 1 32 0 0 0 0 0 0 0
bct 1 33 0 0 0 0 0 0 0
bct 1 34 0 0 0 0 0 0 0
bct 1 35 0 0 0 0 0 0 0
bct 1 36 0 2 1 0 0 0 0
bct 1 37 0 0 0 0 0 0 0
bct 1 38 0 0 0 0 0 0 0
bct 1 39 0 0 0 0 0 0 0
bct 1 40 0 0 0 0 0 0 0
bct 1 41 0 0 0 0 0 0 0
bct 1 42 0 0 0 0 0 0 0
bct 1 43 1 0 0 1 0 1 0
bct 1 44 0 0 0 0 0 0 0
bct 1 45 0 0 0 0 1 1 1
bct 1 46 1 0 1 0 0 1 0
bct 1 47 0 0 0 0 0 0 0
bct 1 48 0 0 0 0 2 0 1
bct 1 49 0 1 1 0 1 0 0
bct 2 0 0 1 0 1 0 0 1
bct 2 1 0 0 0 0 0 0 0
bct 2 2 0 1 1 0 0 0 1
bct 2 3 0 1 0 1 0 1 0
bct 2 4 0 1 0 0 0 0 2
bct 2 5 0 0 0 0 0 0 0
bct 2 6 0 0 0 0 0 0 0
bct 2 7 0 0 0 0 0 0 0
bct 2 8 2 0 0 0 0 1 0
bct 2 9 0 0 0 0 0 0 0
bct 2 10 2 0 0 0 1 0 0
bct 2 11 0 0 0 0 0 0 0
bct 2 12 1 0 1 0 0 1 0
bct 2 13 0 0 0 0 0 0 0
bct 2 14 0 0 0 0 0 0 0
bct 2 15 0 0 0 0 0 0 0
bct 2 16 0 0 0 0 0 0 0
bct 2 17 0 2 0 0 1 0 0
bct 2 18 0 0 0 0 0 0 0
bct 2 19 0 0 0 0 0 0 0
bct 2 20 0 0 0 0 0 0 0
bct 2 21 0 0 1 1 0 0 1
bct 2 22 0 1 1 0 0 0 1
bct 2 23 1 1 0 1 0 0 0
bct 2 24 0 0 0 0 0 0 0
bct 2 25 0 0 0 0 0 0 0
bct 2 26 0 0 0 0 0 0 0
bct 2 27 0 0 0 0 0 0 0
bct 2 28 0 0 0 0 0 0 0
bct 2 29 0 0 1 0 1 0 1
bct 2 30 0 0 0 0 0 0 0
bct 2 31 0 0 0 0 0 0 0
bct 2 32 0 0 0 0 0 0 0
bct 2 33 0 0 0 0 0 0 0
bct 2 34 0 0 0 0 0 0 0
bct 2 35 0 0 0 0 0 0 0
bct 2 36 0 0 0 0 0 0 0
bct 2 37 0 0 1 1 0 0 1
bct 2 38 0 0 0 0 0 0 0
bct 2 39 0 0 0 0 0 0 0
bct 2 40 0 1 1 0 1 0 0
bct 2 41 1 0 0 0 0 0 2
bct 2 42 0 0 0 0 0 0 0
bct 2 43 0 0 0 0 0 0 0
bct 2 44 0 1 1 0 0 1 0
bct 2 45 0 0 0 1 1 0 1
bct 2 46 0 0 0 1 0 2 0
bct 2 47 0 0 0 0 0 0 0
bct 2 48 0 0 0 0 0 0 0
bct 2 49 0 0 0 0 0 0 0
bct 3 0 0 0 0 2 0 1 0
bct 3 1 0 0 0 0 0 0 0
bct 3 2 0 0 0 0 0 0 0
bct 3 3 0 1 0 1 0 1 0
bct 3 4 0 0 0 0 0 0 0
bct 3 5 0 0 0 0 0 0 0
bct 3 6 0 0 0 0 0 0 0
bct 3 7 0 0 0 0 3 0 0
bct 3 8 0 0 0 0 0 0 0
bct 3 9 0 0 0 0 0 0 0
bct 3 10 0 0 0 0 0 0 0
bct 3 11 0 0 0 0 0 0 0
bct 3 12 0 0 0 0 0 1 2
bct 3 13 0 1 0 0 1 0 1
bct 3 14 0 1 0 1 0 0 1
bct 3 15 0 0 0 0 0 0 0
bct 3 16 0 0 0 0 0 0 0
bct 3 17 0 0 0 0 0 0 0
bct 3 18 1 0 0 0 1 0 1
bct 3 19 0 0 0 0 0 0 0
bct 3 20 0 0 0 0 0 0 0
bct 3 21 0 0 0 0 0 0 0
bct 3 22 0 1 0 2 0 0 0
bct 3 23 0 0 0 0 0 0 0
bct 3 24 0 2 0 0 0 1 0
bct 3 25 0 0 0 0 0 0 0
bct 3 26 0 0 0 0 0 0 0
bct 3 27 0 0 0 0 0 0 0
bct 3 28 0 0 0 0 0 0 0
bct 3 29 0 0 0 0 0 0 0
bct 3 30 0 0 0 1 0 2 0
bct 3 31 0 0 0 0 0 2 1
bct 3 32 0 0 0 0 0 0 0
bct 3 33 0 0 0 0 0 0 0
bct 3 34 0 0 0 0 0 0 0
bct 3 35 0 0 0 0 0 0 0
bct 3 36 0 0 0 0 0 0 0
bct 3 37 0 0 0 0 0 0 0
bct 3 38 1 1 0 1 0 0 0
bct 3 39 0 0 0 0 0 0 0
bct 3 40 0 0 1 0 0 2 0
bct 3 41 0 0 0 0 0 0 0
bct 3 42 0 1 0 1 0 0 1
bct 3 43 0 0 0 0 0 0 0
bct 3 44 0 0 0 0 1 1 1
bct 3 45 0 0 0 0 0 0 0
bct 3 46 0 0 0 0 0 0 0
bct 3 47 0 0 0 0 0 0 0
bct 3 48 0 0 0 0 0 0 0
bct 3 49 0 0 0 0 0 0 0
bct 4 0 0 0 0 0 0 0 0
bct 4 1 0 0 0 0 0 0 0
bct 4 2 0 0 0 0 0 0 0
bct 4 3 0 0 1 1 0 1 0
bct 4 4 0 0 0 0 0 0 0
bct 4 5 0 0 0 0 0 0 0
bct 4 6 0 0 0 0 0 0 0
bct 4 7 0 1 1 0 0 0 1
bct 4 8 1 1 0 1 0 0 0
bct 4 9 0 0 0 0 0 0 0
bct 4 10 0 0 0 0 0 0 0
bct 4 11 0 0 0 0 0 0 0
bct 4 12 1 0 0 0 1 1 0
bct 4 13 0 0 0 0 0 0 0
bct 4 14 0 0 0 0 0 0 0
bct 4 15 0 0 0 0 0 0 0
bct 4 16 0 0 0 0 0 0 0
bct 4 17 0 0 0 0 0 0 0
bct 4 18 0 0 1 1 0 1 0
bct 4 19 0 0 0 0 0 0 0
bct 4 20 0 0 0 0 0 0 0
bct 4 21 0 0 0 1 2 0 0
bct 4 22 0 0 0 0 0 0 0
bct 4 23 0 0 0 0 0 0 0
bct 4 24 0 0 0 0 2 1 0
bct 4 25 0 0 0 0 0 0 0
bct 4 26 0 1 0 1 1 0 0
bct 4 27 0 0 1 2 0 0 0
bct 4 28 0 0 0 0 0 0 0
bct 4 29 0 0 0 0 0 0 0
bct 4 30 0 0 0 0 0 0 0
bct 4 31 0 0 0 0 1 2 0
bct 4 32 0 0 0 0 0 0 0
bct 4 33 0 0 0 0 0 0 0
bct 4 34 0 0 0 0 0 0 0
bct 4 35 0 0 0 0 0 0 0
bct 4 36 1 0 1 1 0 0 0
bct 4 37 0 0 0 0 0 0 0
bct 4 38 1 0 0 0 2 0 0
bct 4 39 0 0 0 0 0 0 0
bct 4 40 0 1 1 1 0 0 0
bct 4 41 0 2 0 0 0 0 1
bct 4 42 0 0 0 0 0 0 0
bct 4 43 1 0 0 1 1 0 0
bct 4 44 0 0 0 0 0 0 0
bct 4 45 0 0 0 0 0 0 0
bct 4 46 0 0 0 0 0 0 0
bct 4 47 0 0 0 0 0 0 0
bct 4 48 0 0 0 0 0 0 0
bct 4 49 0 0 0 0 0 0 0
bct 5 0 0 0 0 0 0 0 0
bct 5 1 0 0 0 0 0 0 0
bct 5 2 0 0 0 0 0 0 0
bct 5 3 0 0 0 0 0 0 0
bct 5 4 0 0 0 0 0 0 0
bct 5 5 0 0 0 0 0 0 0
bct 5 6 0 1 0 0 1 1 0
bct 5 7 0 0 0 0 0 0 0
bct 5 8 0 0 1 0 1 1 0
bct 5 9 0 0 0 0 0 0 0
bct 5 10 0 0 0 0 0 0 0
bct 5 11 0 0 0 0 0 0 0
bct 5 12 0 1 0 0 0 1 1
bct 5 13 0 0 0 0 0 0 0
bct 5 14 0 0 0 0 0 0 0
bct 5 15 0 0 0 0 0 0 0
bct 5 16 0 0 0 0 0 0 0
bct 5 17 0 0 0 0 0 0 0
bct 5 18 1 0 0 1 0 0 1
bct 5 19 0 0 0 0 0 0 0
bct 5 20 0 0 0 0 0 0 0
bct 5 21 0 0 0 0 0 0 0
bct 5 22 0 0 0 0 0 0 0
bct 5 23 0 0 0 0 0 0 0
bct 5 24 0 0 0 1 0 1 1
bct 5 25 0 0 0 0 0 2 1
bct 5 26 0 0 0 0 0 0 0
bct 5 27 0 0 0 0 1 1 1
bct 5 28 1 0 0 0 0 1 1
bct 5 29 1 2 0 0 0 0 0
bct 5 30 0 0 0 0 0 0 0
bct 5 31 0 0 0 0 0 0 0
bct 5 32 0 0 0 0 0 0 0
bct 5 33 0 0 0 0 0 0 0
bct 5 34 0 0 0 0 2 1 0
bct 5 35 0 0 0 0 0 0 0
bct 5 36 0 0 0 0 0 0 0
bct 5 37 0 0 0 0 0 0 0
bct 5 38 0 0 0 0 1 1 1
bct 5 39 0 0 0 0 0 0 0
bct 5 40 0 0 0 0 0 0 0
bct 5 41 0 0 0 0 0 0 0
bct 5 42 0 0 2 0 1 0 0
bct 5 43 0 0 0 0 0 0 0
bct 5 44 0 0 0 0 0 0 0
bct 5 45 0 0 0 0 0 0 0
bct 5 46 0 0 0 0 0 0 0
bct 5 47 0 0 0 0 0 0 0
bct 5 48 1 0 1 0 1 0 0
bct 5 49 0 0 0 1 2 0 0
bct 6 0 0 1 0 1 1 0 0
bct 6 1 0 0 0 0 0 0 0
bct 6 2 0 0 0 0 0 0 0
bct 6 3 1 1 0 0 0 1 0
bct 6 4 0 0 0 0 0 0 0
bct 6 5 0 1 1 0 0 1 0
bct 6 6 0 0 1 1 0 0 1
bct 6 7 0 2 0 1 0 0 0
bct 6 8 0 0 0 0 0 0 0
bct 6 9 0 0 0 0 0 0 0
bct 6 10 0 0 0 0 0 0 0
bct 6 11 0 0 0 0 0 0 0
bct 6 12 0 1 0 0 0 1 1
bct 6 13 0 0 1 1 0 1 0
bct 6 14 0 1 1 0 0 1 0
bct 6 15 0 0 0 0 0 0 0
bct 6 16 0 0 0 0 0 0 0
bct 6 17 0 0 0 0 0 0 0
bct 6 18 0 0 0 0 0 0 0
bct 6 19 0 0 0 0 0 0 0
bct 6 20 0 0 0 0 0 0 0
bct 6 21 0 0 0 0 0 0 0
bct 6 22 0 0 0 0 0 0 0
bct 6 23 1 0 0 2 0 0 0
bct 6 24 0 0 0 0 0 0 0
bct 6 25 0 0 0 0 0 0 0
bct 6 26 0 0 0 0 0 0 0
bct 6 27 0 0 1 1 0 1 0
bct 6 28 0 0 0 0 0 0 0
bct 6 29 0 0 0 0 0 0 0
bct 6 30 0 0 0 0 0 0 0
bct 6 31 0 0 0 0 0 0 0
bct 6 32 0 0 0 0 0 0 0
bct 6 33 0 0 0 0 0 0 0
bct 6 34 0 0 0 0 0 0 0
bct 6 35 0 0 1 0 1 0 1
bct 6 36 0 0 0 0 0 0 0
bct 6 37 0 0 0 0 0 0 0
bct 6 38 1 0 0 1 0 1 0
bct 6 39 0 0 0 0 0 0 0
bct 6 40 0 0 0 0 0 0 0
bct 6 41 0 0 0 0 0 0 0
bct 6 42 0 0 0 0 0 0 0
bct 6 43 0 0 0 0 0 0 0
bct 6 44 0 0 0 0 0 0 0
bct 6 45 1 1 0 0 1 0 0
bct 6 46 0 0 0 0 1 1 1
bct 6 47 0 1 0 1 0 0 1
bct 6 48 0 0 0 0 0 0 0
bct 6 49 0 0 2 0 1 0 0
bct 7 0 0 0 1 0 1 0 1
bct 7 1 0 1 0 1 0 0 1
bct 7 2 0 0 0 0 0 0 0
bct 7 3 0 0 0 0 0 0 0
bct 7 4 0 0 0 0 0 0 0
bct 7 5 0 0 0 0 0 0 0
bct 7 6 1 0 0 0 0 2 0
bct 7 7 0 0 0 0 0 0 0
bct 7 8 0 1 1 0 0 1 0
bct 7 9 1 0 0 0 1 1 0
bct 7 10 0 1 1 1 0 0 0
bct 7 11 0 0 0 0 0 0 0
bct 7 12 0 0 0 0 0 0 0
bct 7 13 0 0 0 0 0 0 0
bct 7 14 0 0 1 1 1 0 0
bct 7 15 0 0 0 0 0 0 0
bct 7 16 0 0 0 0 0 0 0
bct 7 17 0 0 0 0 0 0 0
bct 7 18 0 0 1 0 1 1 0
bct 7 19 0 0 0 0 0 0 0
bct 7 20 0 0 0 0 0 0 0
bct 7 21 0 0 1 0 2 0 0
bct 7 22 2 0 0 0 0 0 1
bct 7 23 0 0 0 0 0 0 0
bct 7 24 0 0 1 0 0 1 1
bct 7 25 0 0 0 0 0 0 0
bct 7 26 0 0 0 0 0 0 0
bct 7 27 0 0 0 0 0 0 0
bct 7 28 0 0 0 0 0 0 0
bct 7 29 0 0 0 0 0 0 0
bct 7 30 0 0 0 0 0 0 0
bct 7 31 0 0 0 0 0 0 0
bct 7 32 0 0 0 0 0 0 0
bct 7 33 0 0 0 0 0 0 0
bct 7 34 0 0 0 0 0 0 0
bct 7 35 0 0 0 0 0 0 0
bct 7 36 0 0 0 0 0 0 0
bct 7 37 0 0 1 1 1 0 0
bct 7 38 0 0 0 0 0 0 0
bct 7 39 0 0 0 0 0 0 0
bct 7 40 1 0 1 0 0 0 1
bct 7 41 0 0 0 0 0 0 0
bct 7 42 0 2 0 1 0 0 0
bct 7 43 0 0 1 0 0 2 0
bct 7 44 0 0 0 0 0 0 0
bct 7 45 0 0 0 0 0 0 0
bct 7 46 0 0 0 0 0 0 0
bct 7 47 0 0 0 0 0 0 0
bct 7 48 0 0 1 0 2 0 0
bct 7 49 0 0 0 0 0 0 0
bct 8 0 0 1 2 0 0 0 0
bct 8 1 0 0 0 0 0 0 0
bct 8 2 0 0 0 0 0 0 0
bct 8 3 0 1 0 0 0 0 2
bct 8 4 0 0 0 0 0 0 0
bct 8 5 2 0 0 0 0 1 0
bct 8 6 0 0 0 0 0 0 0
bct 8 7 0 0 0 0 0 0 0
bct 8 8 0 0 0 0 0 0 0
bct 8 9 0 0 0 0 0 0 0
bct 8 10 0 0 0 0 0 0 0
bct 8 11 0 0 0 0 0 0 0
bct 8 12 0 0 0 0 0 0 0
bct 8 13 0 0 1 2 0 0 0
bct 8 14 0 0 0 0 0 0 0
bct 8 15 1 0 0 1 1 0 0
bct 8 16 0 0 0 0 0 0 0
bct 8 17 0 0 0 0 0 0 0
bct 8 18 1 0 1 0 0 0 1
bct 8 19 0 0 1 1 0 1 0
bct 8 20 0 0 0 2 1 0 0
bct 8 21 0 0 0 0 0 0 0
bct 8 22 0 0 0 1 1 0 1
bct 8 23 0 0 0 0 0 0 0
bct 8 24 0 0 0 0 0 2 1
bct 8 25 0 0 0 0 0 0 0
bct 8 26 0 1 0 0 1 1 0
bct 8 27 0 0 0 0 0 0 0
bct 8 28 0 0 0 0 0 0 0
bct 8 29 0 0 0 1 1 0 1
bct 8 30 0 0 0 1 1 1 0
bct 8 31 0 0 0 0 0 0 0
bct 8 32 0 0 0 0 0 0 0
bct 8 33 0 0 0 0 0 0 0
bct 8 34 0 0 0 0 0 0 0
bct 8 35 0 0 0 0 0 0 0
bct 8 36 0 0 0 0 0 0 0
bct 8 37 0 0 0 0 0 0 0
bct 8 38 0 0 0 1 1 1 0
bct 8 39 0 0 0 0 0 0 0
bct 8 40 1 1 0 0 0 1 0
bct 8 41 0 0 0 0 0 0 0
bct 8 42 0 0 0 0 0 0 0
bct 8 43 0 0 0 0 0 0 0
bct 8 44 0 0 0 1 1 0 1
bct 8 45 0 0 0 0 0 0 0
bct 8 46 0 0 0 1 1 1 0
bct 8 47 1 0 0 1 1 0 0
bct 8 48 0 0 0 0 0 0 0
bct 8 49 0 0 0 0 0 0 0
bct 9 0 0 0 0 0 0 0 0
bct 9 1 0 0 0 0 0 0 0
bct 9 2 0 0 0 0 0 0 0
bct 9 3 0 0 1 0 1 0 1
bct 9 4 1 1 0 0 0 0 1
bct 9 5 0 0 0 0 0 0 0
bct 9 6 0 1 1 0 1 0 0
bct 9 7 0 0 0 0 0 0 0
bct 9 8 0 0 0 0 0 0 3
bct 9 9 0 0 0 2 1 0 0
bct 9 10 0 0 0 0 0 0 0
bct 9 11 0 0 2 0 0 0 1
bct 9 12 0 0 0 0 0 0 0
bct 9 13 0 0 0 0 0 0 0
bct 9 14 0 0 0 0 0 0 0
bct 9 15 0 0 0 0 0 0 0
bct 9 16 0 0 0 0 0 0 0
bct 9 17 2 0 0 0 0 1 0
bct 9 18 0 0 0 0 0 0 0
bct 9 19 0 0 0 0 0 0 0
bct 9 20 0 0 0 0 0 0 0
bct 9 21 1 1 0 0 0 1 0
bct 9 22 0 1 0 0 2 0 0
bct 9 23 0 0 0 0 0 0 0
bct 9 24 0 2 0 1 0 0 0
bct 9 25 0 0 0 0 0 0 0
bct 9 26 0 0 0 0 0 0 0
bct 9 27 0 0 0 0 0 0 0
bct 9 28 1 0 1 0 1 0 0
bct 9 29 0 0 0 0 0 0 0
bct 9 30 0 2 0 0 0 0 1
bct 9 31 0 1 0 1 0 0 1
bct 9 32 0 0 0 0 0 0 0
bct 9 33 0 0 0 0 0 0 0
bct 9 34 0 0 0 0 0 0 0
bct 9 35 0 0 0 0 0 0 0
bct 9 36 0 0 0 0 0 0 0
bct 9 37 0 0 0 0 0 0 0
bct 9 38 0 0 0 0 0 0 0
bct 9 39 0 2 0 1 0 0 0
bct 9 40 0 0 1 1 1 0 0
bct 9 41 0 0 0 0 0 0 0
bct 9 42 0 0 0 0 0 0 0
bct 9 43 0 1 0 0 1 1 0
bct 9 44 0 0 0 0 0 0 0
bct 9 45 0 0 0 0 0 0 0
bct 9 46 0 0 0 0 0 0 0
bct 9 47 0 0 0 0 0 0 0
bct 9 48 0 1 1 0 1 0 0
bct 9 49 0 0 0 0 0 0 0
bct 10 0 0 0 0 0 0 0 0
bct 10 1 0 0 0 0 0 0 0
bct 10 2 0 0 0 0 0 0 0
bct 10 3 0 0 0 0 0 0 0
bct 10 4 0 0 0 0 0 0 0
bct 10 5 0 0 0 0 0 0 0
bct 10 6 0 0 0 0 0 0 0
bct 10 7 0 0 0 0 0 0 0
bct 10 8 0 0 0 0 0 0 0
bct 10 9 0 0 0 0 0 0 0
bct 10 10 1 0 1 1 0 0 0
bct 10 11 0 0 1 0 1 0 1
bct 10 12 0 0 1 0 0 1 1
bct 10 13 0 0 0 0 0 0 0
bct 10 14 1 1 0 0 1 0 0
bct 10 15 1 0 0 1 1 0 0
bct 10 16 0 0 0 0 0 0 0
bct 10 17 0 0 0 0 0 0 0
bct 10 18 1 1 0 0 0 0 1
bct 10 19 0 0 0 0 0 0 0
bct 10 20 0 0 0 0 0 0 0
bct 10 21 0 0 0 0 0 0 0
bct 10 22 0 0 0 0 0 0 0
bct 10 23 0 0 0 0 0 0 0
bct 10 24 0 0 0 0 0 0 0
bct 10 25 0 0 2 0 0 1 0
bct 10 26 0 0 0 0 0 0 0
bct 10 27 0 0 0 0 0 0 0
bct 10 28 0 0 0 0 0 0 0
bct 10 29 1 0 0 0 1 0 1
bct 10 30 0 0 0 0 0 0 0
bct 10 31 0 0 0 0 1 1 1
bct 10 32 0 0 0 0 0 0 0
bct 10 33 0 0 0 0 0 0 0
bct 10 34 1 0 1 0 0 0 1
bct 10 35 1 0 1 1 0 0 0
bct 10 36 0 0 0 0 0 0 0
bct 10 37 0 0 0 0 0 0 0
bct 10 38 0 0 0 0 0 0 0
bct 10 39 0 0 0 0 0 0 0
bct 10 40 0 0 0 0 0 0 0
bct 10 41 0 0 0 0 0 0 0
bct 10 42 0 0 0 0 0 0 0
bct 10 43 0 0 0 0 0 0 0
bct 10 44 2 0 1 0 0 0 0
bct 10 45 0 0 0 0 0 0 0
bct 10 46 0 0 0 0 0 0 0
bct 10 47 0 0 0 0 0 0 0
bct 10 48 0 0 0 0 0 0 0
bct 10 49 0 0 0 0 0 0 0
bct 11 0 0 0 0 0 1 1 1
bct 11 1 1 1 1 0 0 0 0
bct 11 2 0 0 0 0 0 0 0
bct 11 3 0 0 0 0 0 0 0
bct 11 4 0 0 0 0 0 0 0
bct 11 5 1 0 0 1 0 1 0
bct 11 6 0 0 0 0 0 0 0
bct 11 7 0 0 0 0 0 1 2
bct 11 8 0 0 0 0 0 0 0
bct 11 9 0 0 0 0 0 0 0
bct 11 10 0 0 0 0 0 0 0
bct 11 11 0 0 0 0 0 0 0
bct 11 12 0 0 2 0 0 1 0
bct 11 13 0 0 0 0 0 0 0
bct 11 14 0 0 1 0 1 1 0
bct 11 15 1 0 1 0 0 0 1
bct 11 16 0 0 0 0 0 0 0
bct 11 17 0 0 0 0 0 0 0
bct 11 18 0 0 0 0 0 0 0
bct 11 19 0 0 0 2 0 1 0
bct 11 20 0 0 0 0 0 0 0
bct 11 21 0 0 0 0 0 0 0
bct 11 22 0 0 0 0 0 0 0
bct 11 23 0 0 0 0 0 0 0
bct 11 24 0 0 0 0 0 0 0
bct 11 25 0 0 0 0 0 0 0
bct 11 26 0 1 0 1 0 0 1
bct 11 27 0 0 0 0 0 0 0
bct 11 28 0 0 0 0 0 0 0
bct 11 29 1 1 0 1 0 0 0
bct 11 30 0 0 0 0 0 0 0
bct 11 31 0 1 2 0 0 0 0
bct 11 32 0 1 0 1 0 1 0
bct 11 33 0 0 0 0 1 2 0
bct 11 34 1 0 0 0 1 0 1
bct 11 35 2 0 0 0 0 1 0
bct 11 36 0 0 0 0 0 0 0
bct 11 37 0 0 0 0 0 0 0
bct 11 38 1 0 0 0 0 1 1
bct 11 39 0 0 0 0 0 0 0
bct 11 40 0 0 0 0 0 0 0
bct 11 41 1 0 0 0 0 2 0
bct 11 42 0 0 0 0 0 0 0
bct 11 43 0 0 0 0 0 0 0
bct 11 44 0 0 0 0 0 0 0
bct 11 45 0 0 0 0 0 0 0
bct 11 46 0 0 0 0 0 0 0
bct 11 47 0 0 0 0 0 0 0
bct 11 48 0 0 0 0 0 0 0
bct 11 49 0 1 0 0 2 0 0
bct 12 0 0 0 0 0 0 0 0
bct 12 1 0 0 0 0 0 0 0
bct 12 2 0 0 0 0 0 0 0
bct 12 3 0 0 0 0 0 0 0
bct 12 4 0 0 0 0 0 0 0
bct 12 5 0 0 0 0 0 0 0
bct 12 6 0 0 2 0 0 0 1
bct 12 7 0 0 0 0 1 1 1
bct 12 8 0 0 0 0 0 0 0
bct 12 9 0 0 0 0 0 0 0
bct 12 10 0 0 0 2 1 0 0
bct 12 11 0 0 0 0 0 0 0
bct 12 12 2 0 1 0 0 0 0
bct 12 13 0 0 0 0 0 0 0
bct 12 14 0 0 0 0 0 0 0
bct 12 15 0 0 0 0 0 0 0
bct 12 16 1 0 0 2 0 0 0
bct 12 17 0 0 0 0 0 0 0
bct 12 18 0 0 0 0 0 0 0
bct 12 19 0 2 1 0 0 0 0
bct 12 20 0 0 1 0 1 0 1
bct 12 21 0 1 0 0 1 1 0
bct 12 22 2 1 0 0 0 0 0
bct 12 23 0 0 1 0 0 1 1
bct 12 24 0 0 1 0 0 0 2
bct 12 25 0 2 1 0 0 0 0
bct 12 26 0 0 0 0 0 0 0
bct 12 27 0 0 0 0 0 0 0
bct 12 28 1 1 1 0 0 0 0
bct 12 29 0 0 0 0 0 0 0
bct 12 30 0 0 0 0 0 0 0
bct 12 31 0 0 0 0 0 0 0
bct 12 32 0 0 0 0 0 0 0
bct 12 33 0 0 0 0 0 0 0
bct 12 34 0 0 0 0 0 0 0
bct 12 35 0 0 0 0 0 0 0
bct 12 36 1 0 1 0 0 1 0
bct 12 37 0 0 0 0 0 0 0
bct 12 38 0 0 0 0 0 0 0
bct 12 39 0 0 0 0 0 0 0
bct 12 40 0 0 0 0 0 0 0
bct 12 41 1 1 0 0 1 0 0
bct 12 42 0 0 0 0 0 0 0
bct 12 43 0 0 0 0 0 0 0
bct 12 44 0 0 0 0 0 0 0
bct 12 45 0 0 0 0 0 0 0
bct 12 46 0 0 0 0 0 0 0
bct 12 47 0 0 0 0 1 1 1
bct 12 48 0 0 0 0 0 0 0
bct 12 49 0 0 0 0 0 1 2
bct 13 0 0 0 1 2 0 0 0
bct 13 1 0 0 0 0 0 0 0
bct 13 2 0 0 0 0 0 0 0
bct 13 3 0 0 0 1 0 2 0
bct 13 4 1 0 0 1 0 1 0
bct 13 5 0 1 1 0 0 0 1
bct 13 6 0 0 0 0 0 0 0
bct 13 7 1 0 0 0 0 1 1
bct 13 8 0 0 0 0 1 2 0
bct 13 9 0 0 0 1 1 0 1
bct 13 10 0 0 0 0 0 0 0
bct 13 11 1 2 0 0 0 0 0
bct 13 12 0 1 0 2 0 0 0
bct 13 13 0 0 0 0 0 0 0
bct 13 14 0 0 0 0 0 0 0
bct 13 15 0 0 0 0 0 0 0
bct 13 16 1 0 1 0 1 0 0
bct 13 17 0 0 0 0 0 0 0
bct 13 18 0 1 0 0 2 0 0
bct 13 19 0 0 0 2 1 0 0
bct 13 20 0 0 0 0 0 0 0
bct 13 21 0 0 0 0 0 0 0
bct 13 22 0 0 0 0 0 0 0
bct 13 23 0 0 0 0 0 0 0
bct 13 24 0 0 0 0 0 0 0
bct 13 25 1 0 0 1 1 0 0
bct 13 26 0 0 0 0 0 0 0
bct 13 27 0 0 0 0 0 0 0
bct 13 28 0 0 0 0 0 0 0
bct 13 29 0 1 1 1 0 0 0
bct 13 30 0 0 0 0 0 0 0
bct 13 31 0 1 1 1 0 0 0
bct 13 32 0 0 1 0 2 0 0
bct 13 33 0 0 0 0 0 1 2
bct 13 34 0 0 0 0 0 0 0
bct 13 35 0 0 0 0 0 0 0
bct 13 36 0 0 0 0 0 0 0
bct 13 37 0 0 0 0 0 0 0
bct 13 38 0 0 0 0 0 0 0
bct 13 39 0 0 0 0 0 0 0
bct 13 40 0 0 0 0 0 0 0
bct 13 41 0 0 0 0 0 0 0
bct 13 42 0 0 0 0 0 0 0
bct 13 43 0 0 1 2 0 0 0
bct 13 44 0 0 0 0 0 0 0
bct 13 45 0 0 0 0 0 0 0
bct 13 46 1 0 1 0 0 1 0
bct 13 47 0 0 0 0 0 0 0
bct 13 48 0 1 0 1 0 1 0
bct 13 49 0 0 0 0 0 0 0
bct 14 0 0 0 0 0 0 0 0
bct 14 1 0 0 0 0 0 0 0
bct 14 2 0 0 0 0 0 0 0
bct 14 3 2 0 1 0 0 0 0
bct 14 4 0 0 0 0 0 0 0
bct 14 5 0 0 0 1 0 1 1
bct 14 6 0 1 1 0 0 0 1
bct 14 7 0 0 0 2 0 1 0
bct 14 8 0 0 0 0 0 0 0
bct 14 9 0 0 0 0 0 0 0
bct 14 10 0 0 0 0 0 0 0
bct 14 11 0 0 0 0 0 0 0
bct 14 12 0 0 0 0 0 0 0
bct 14 13 0 0 0 0 0 0 0
bct 14 14 0 0 2 0 0 0 1
bct 14 15 0 0 0 0 0 0 0
bct 14 16 0 0 0 1 0 1 1
bct 14 17 0 0 0 0 0 0 0
bct 14 18 0 0 0 0 0 0 0
bct 14 19 0 0 0 0 0 0 0
bct 14 20 0 0 0 0 0 0 0
bct 14 21 0 0 0 0 0 0 0
bct 14 22 1 1 1 0 0 0 0
bct 14 23 0 0 1 1 0 1 0
bct 14 24 0 0 0 0 0 0 0
bct 14 25 0 0 0 0 0 0 0
bct 14 26 0 0 0 0 0 0 0
bct 14 27 0 0 0 0 0 0 0
bct 14 28 2 0 0 0 0 0 1
bct 14 29 0 1 0 0 0 1 1
bct 14 30 0 0 0 0 0 0 0
bct 14 31 0 0 1 1 0 1 0
bct 14 32 0 0 0 0 0 0 0
bct 14 33 0 0 0 0 0 0 0
bct 14 34 0 0 0 0 0 0 0
bct 14 35 0 0 0 0 0 0 0
bct 14 36 0 0 0 0 0 0 0
bct 14 37 0 0 0 0 0 0 0
bct 14 38 0 0 0 0 0 0 0
bct 14 39 0 2 0 1 0 0 0
bct 14 40 1 0 0 1 1 0 0
bct 14 41 0 0 0 0 0 0 0
bct 14 42 0 0 0 0 0 0 0
bct 14 43 0 0 0 0 0 0 0
bct 14 44 0 0 1 1 1 0 0
bct 14 45 0 0 0 0 0 0 0
bct 14 46 0 0 0 0 0 0 0
bct 14 47 0 0 0 0 0 0 0
bct 14 48 1 1 0 0 0 1 0
bct 14 49 0 0 1 0 0 2 0
bct 15 0 0 0 0 0 0 0 0
bct 15 1 0 0 0 0 0 0 0
bct 15 2 0 0 0 0 0 0 0
bct 15 3 0 0 0 0 0 0 0
bct 15 4 0 0 0 0 0 0 0
bct 15 5 0 1 0 0 0 2 0
bct 15 6 0 1 0 1 0 0 1
bct 15 7 0 0 0 0 0 0 0
bct 15 8 1 0 1 0 0 1 0
bct 15 9 0 0 0 0 0 0 0
bct 15 10 0 0 0 0 0 0 0
bct 15 11 0 0 0 0 0 0 0
bct 15 12 0 0 0 0 0 0 0
bct 15 13 0 0 0 0 0 0 0
bct 15 14 0 0 0 0 0 0 0
bct 15 15 1 1 0 0 1 0 0
bct 15 16 0 0 0 0 0 0 0
bct 15 17 0 0 0 0 0 0 0
bct 15 18 0 0 0 0 0 0 0
bct 15 19 0 0 0 0 0 0 0
bct 15 20 0 0 0 0 0 0 0
bct 15 21 0 0 0 0 0 0 0
bct 15 22 0 1 0 0 1 1 0
bct 15 23 0 0 0 0 0 0 0
bct 15 24 0 0 0 0 0 0 0
bct 15 25 0 0 0 0 0 0 0
bct 15 26 0 0 0 0 0 0 0
bct 15 27 1 1 0 1 0 0 0
bct 15 28 0 1 0 0 1 0 1
bct 15 29 0 0 0 0 0 0 0
bct 15 30 0 0 0 0 0 0 0
bct 15 31 0 0 0 0 0 0 0
bct 15 32 0 0 0 0 0 0 0
bct 15 33 0 0 0 0 0 0 0
bct 15 34 0 0 0 0 0 0 0
bct 15 35 2 0 0 0 0 1 0
bct 15 36 1 0 1 0 0 0 1
bct 15 37 0 2 0 1 0 0 0
bct 15 38 0 0 0 0 0 0 0
bct 15 39 0 0 0 0 0 0 0
bct 15 40 0 0 1 1 0 1 0
bct 15 41 0 0 0 0 0 0 0
bct 15 42 0 0 0 0 0 0 0
bct 15 43 0 0 0 0 0 0 0
bct 15 44 1 0 1 1 0 0 0
bct 15 45 0 0 0 0 0 0 0
bct 15 46 0 0 0 0 0 0 0
bct 15 47 0 0 1 2 0 0 0
bct 15 48 0 0 0 0 0 0 0
bct 15 49 0 1 0 0 1 1 0
bct 16 0 0 0 2 0 0 0 1
bct 16 1 0 0 0 0 0 0 0
bct 16 2 0 0 0 0 0 0 0
bct 16 3 0 0 0 0 0 0 0
bct 16 4 0 0 0 0 0 0 0
bct 16 5 0 0 0 0 0 0 0
bct 16 6 1 0 0 0 1 1 0
bct 16 7 1 0 0 2 0 0 0
bct 16 8 1 0 0 2 0 0 0
bct 16 9 0 0 0 0 0 0 0
bct 16 10 0 1 1 1 0 0 0
bct 16 11 0 0 0 0 0 0 0
bct 16 12 0 0 0 0 0 0 0
bct 16 13 1 0 1 0 0 0 1
bct 16 14 0 0 0 0 0 0 0
bct 16 15 0 0 0 0 0 0 0
bct 16 16 0 0 0 0 0 0 0
bct 16 17 0 0 0 1 2 0 0
bct 16 18 2 0 1 0 0 0 0
bct 16 19 0 0 0 0 0 0 0
bct 16 20 1 1 0 0 0 0 1
bct 16 21 0 0 0 0 0 0 0
bct 16 22 0 0 0 0 0 0 0
bct 16 23 0 0 0 0 0 0 0
bct 16 24 0 0 1 1 1 0 0
bct 16 25 0 0 0 2 1 0 0
bct 16 26 0 0 0 0 0 0 0
bct 16 27 0 0 0 0 0 0 0
bct 16 28 0 0 0 0 0 0 0
bct 16 29 0 0 0 0 0 0 0
bct 16 30 0 0 0 0 0 0 0
bct 16 31 0 0 0 0 0 0 0
bct 16 32 0 0 0 0 0 0 0
bct 16 33 0 2 0 0 0 1 0
bct 16 34 0 0 0 0 0 0 0
bct 16 35 0 0 0 0 0 0 0
bct 16 36 0 0 0 0 0 0 0
bct 16 37 1 0 0 0 0 2 0
bct 16 38 0 0 0 0 0 0 0
bct 16 39 0 0 0 0 0 0 0
bct 16 40 0 0 0 0 0 0 0
bct 16 41 0 1 1 0 1 0 0
bct 16 42 0 1 0 0 0 1 1
bct 16 43 0 0 0 0 0 0 0
bct 16 44 0 0 0 0 0 0 0
bct 16 45 0 1 2 0 0 0 0
bct 16 46 0 0 0 0 0 0 0
bct 16 47 0 0 0 0 0 0 0
bct 16 48 0 0 0 0 0 0 0
bct 16 49 0 0 0 0 0 0 0
bct 17 0 0 0 0 0 0 0 0
bct 17 1 0 0 0 0 0 0 0
bct 17 2 0 0 2 1 0 0 0
bct 17 3 0 0 0 0 0 0 0
bct 17 4 0 0 0 0 0 0 0
bct 17 5 0 0 0 0 0 0 0
bct 17 6 0 0 0 0 0 0 0
bct 17 7 0 1 0 0 0 1 1
bct 17 8 0 0 0 0 0 0 0
bct 17 9 0 0 0 0 0 0 0
bct 17 10 0 0 0 0 0 0 0
bct 17 11 0 0 0 0 0 0 0
bct 17 12 0 1 1 0 0 1 0
bct 17 13 0 0 0 0 0 0 0
bct 17 14 0 0 0 0 0 0 0
bct 17 15 0 0 0 0 0 0 0
bct 17 16 0 0 1 0 2 0 0
bct 17 17 0 0 0 0 0 0 0
bct 17 18 0 0 0 0 0 0 0
bct 17 19 0 0 0 1 1 0 1
bct 17 20 0 0 0 1 1 1 0
bct 17 21 1 1 0 1 0 0 0
bct 17 22 2 0 0 0 0 0 1
bct 17 23 0 0 0 0 0 0 0
bct 17 24 0 0 0 0 0 0 0
bct 17 25 0 0 0 0 0 0 0
bct 17 26 0 0 0 0 0 0 0
bct 17 27 0 0 0 0 0 0 0
bct 17 28 0 0 0 0 0 0 0
bct 17 29 0 0 1 1 0 0 1
bct 17 30 0 0 1 1 0 0 1
bct 17 31 0 0 0 0 0 0 0
bct 17 32 0 0 0 0 0 0 0
bct 17 33 0 0 0 0 0 0 0
bct 17 34 0 0 0 0 0 0 0
bct 17 35 0 0 0 0 0 0 0
bct 17 36 2 0 0 1 0 0 0
bct 17 37 0 0 0 0 0 0 0
bct 17 38 0 0 0 0 0 0 0
bct 17 39 0 0 0 0 0 0 0
bct 17 40 0 0 0 0 0 0 0
bct 17 41 0 0 0 0 0 0 0
bct 17 42 0 0 0 0 0 0 0
bct 17 43 0 0 0 0 0 0 0
bct 17 44 0 0 1 0 1 1 0
bct 17 45 0 0 0 0 0 0 0
bct 17 46 0 0 0 0 0 0 0
bct 17 47 1 2 0 0 0 0 0
bct 17 48 0 0 1 0 1 1 0
bct 17 49 0 0 0 0 0 0 0
bct 18 0 0 0 0 0 0 0 0
bct 18 1 0 0 0 0 0 0 0
bct 18 2 0 0 0 0 0 0 0
bct 18 3 0 1 1 0 1 0 0
bct 18 4 0 0 0 0 0 0 0
bct 18 5 0 0 0 0 0 0 0
bct 18 6 0 0 0 0 0 0 0
bct 18 7 0 0 0 0 0 0 0
bct 18 8 0 0 0 0 0 0 0
bct 18 9 0 0 0 0 0 0 0
bct 18 10 0 0 1 0 2 0 0
bct 18 11 0 0 0 0 0 0 0
bct 18 12 0 1 0 1 0 1 0
bct 18 13 1 1 0 0 0 0 1
bct 18 14 0 1 0 0 0 2 0
bct 18 15 0 1 1 0 0 0 1
bct 18 16 0 2 0 0 1 0 0
bct 18 17 0 0 0 0 0 0 0
bct 18 18 0 0 0 0 1 1 1
bct 18 19 0 0 0 0 0 0 0
bct 18 20 0 0 0 0 0 0 0
bct 18 21 0 1 0 0 1 1 0
bct 18 22 0 0 0 0 0 0 0
bct 18 23 0 0 0 0 0 0 0
bct 18 24 0 0 0 0 0 0 0
bct 18 25 0 0 0 0 0 0 0
bct 18 26 0 0 2 1 0 0 0
bct 18 27 0 0 0 0 0 0 0
bct 18 28 0 0 0 0 0 0 0
bct 18 29 0 2 0 0 0 0 1
bct 18 30 0 0 0 0 0 0 0
bct 18 31 0 0 0 0 0 0 0
bct 18 32 0 0 0 0 0 0 0
bct 18 33 0 0 0 0 0 2 1
bct 18 34 0 0 0 0 0 0 0
bct 18 35 0 0 0 0 0 0 0
bct 18 36 0 0 0 0 0 0 0
bct 18 37 0 0 0 0 0 0 0
bct 18 38 0 0 0 0 0 0 0
bct 18 39 0 2 1 0 0 0 0
bct 18 40 0 0 0 0 0 0 0
bct 18 41 0 0 0 0 0 0 0
bct 18 42 0 0 0 0 0 0 0
bct 18 43 0 0 0 0 0 0 0
bct 18 44 0 0 0 0 0 0 0
bct 18 45 0 0 0 0 0 0 0
bct 18 46 0 1 0 0 1 0 1
bct 18 47 0 0 0 0 0 0 0
bct 18 48 0 1 0 0 1 0 1
bct 18 49 1 0 1 0 1 0 0
bct 19 0 0 0 0 0 0 0 0
bct 19 1 0 0 0 0 0 0 0
bct 19 2 0 0 0 0 0 0 0
bct 19 3 0 0 0 0 0 0 0
bct 19 4 0 0 0 0 0 0 0
bct 19 5 0 0 0 0 0 0 0
bct 19 6 0 0 0 0 0 0 0
bct 19 7 0 0 0 0 0 0 0
bct 19 8 0 0 0 0 0 0 0
bct 19 9 0 0 0 0 0 0 0
bct 19 10 0 0 0 0 0 0 0
bct 19 11